0	0	0	0	0	0	0	0	0	0	0	0	0	0	0	0	0	8.859561	45.39932
748.599	731.018	731.2822	739.1383	723.8578	730.7945	646.2199	222.2295	579.4165	696.9651	714.7065	731.018	781.5065	731.0396	731.018	731.018	671.0579	2.765714	151.3796
0	0	0	0	0	0	0	0	0	0	0	0	0	0	0	0	0	3.052243	87.8989
532.1811	731.018	731.277	731.018	731.018	248.5461	0	0	177.6935	193.0815	23.8145	2.193053	607.4263	731.018	731.018	731.7812	734.4552	3.231182	10.1286
0	0	0	144.8157	480.8024	553.1646	549.9183	363.0779	0	0	0	0	0	0	0	0	0	3.307143	51.58731
0	0	0	0	0	0	0	0	0	0	0	0	0	0	0	0	0	3.146466	70.34854
85.70792	0	0	0	0	0	0	0	0	0	264.585	1203.969	675.6844	379.5009	0	7.186628	44.69349	6.28245	62.84666
514.0816	807.025	795.7269	14.52657	0	0	0	0	0	0	579.4493	807.0252	807.0251	733.5875	401.9035	630.2906	807.0251	3.269608	13.98444
549.7299	887.8641	887.8641	887.8641	887.8641	501.6374	1.775712	19.09077	709.0813	628.1752	60.90865	0	0	0	0	38.83054	326.788	4.620088	141.537
0	0	0	0	0	0	0	0	0	0	0	0	0	0	0	0	0	4.162635	76.83273
396.8713	887.8641	887.8641	823.9369	54.15919	724.4945	887.8641	887.8641	887.8641	799.0763	90.14879	644.0002	858.6213	855.6967	600.9398	114.7144	851.4611	5.497399	47.25912
10.35913	0	0	0	0	160.5666	809.7433	801.1105	6.906086	0	451.8273	828.4264	886.2796	850.4789	556.8651	261.2566	0	1.113359	88.61102
644.8701	859.8137	863.2668	861.196	651.7355	780.733	932.0706	728.6279	663.3146	668.2076	690.3676	615.0051	743.2707	858.0871	559.3918	299.5516	255.5258	0.2893107	66.22111
0	0	0	0	0	0	0	0	0	0	0	0	0	0	0	0	0	3.205791	13.52717
15.09355	0	0	0	61.26204	818.6096	887.8641	885.2005	617.0612	0	0	0	0	0	174.0201	0	0	5.160145	120.0577
0	0	0	0	0	0	0	0	0	0	0	0	0	0	0	0	0	6.431917	49.09015
940.8068	113.6574	241.9375	498.6551	499.9529	1263.191	217.5477	0	0	0	0	1.959891	1363.785	1164.076	484.1899	394.6144	154.0907	5.840204	25.67267
0	0	0	0	0	0	381.263	806.2931	229.6638	0	0	0	0	0	0	0	0	2.001492	142.4908
179.4474	887.8641	887.8641	256.5913	0	297.271	1545.191	1249.715	443.6342	0	0	0	0	0	0	308.4888	887.8641	4.443031	172.2621
422.6189	0	0	0	0	0	0	0	0	768.8884	887.8641	887.8641	887.8641	887.8641	446.5908	10.65427	0	4.660209	5.359463
44.04579	0	0	0	0	0	0	0	0	0	0	0	0	1195.838	140.9464	0	0	2.088706	156.8569
3.314784	0	0	0	0	0	0	0	0	0	327.7514	586.1111	79.15543	0	0	0	18.09119	5.792276	26.47652
0	0	0	0	0	0	0	0	0	0	0	0	0	0	0	0	0	3.057891	50.30514
0	0	0	0	0	0	0	0	0	0	165.9411	288.7521	58.48144	0	0	0	0	3.370495	48.82326
0	0	0	0	0	0	0	0	0	0	0	0	0	0	0	0	0	7.135585	59.11057
0	0	0	0	0	0	0	0	0	0	0	0	0	0	0	0	0	2.06767	10.47717
0	0	0	0	0	0	0	0	0	0	0	0	0	0	0	0	0	2.221151	35.17706
0	0	0	0	0	0	0	0	9.684377	218.706	210.6356	0	0	0	0	0	0	2.487569	70.76959
581.0189	0	0	0	0	0	0	1590.525	1113.248	14.94254	0	0	0	0	0	132.2344	0	5.316821	111.3296
51.21991	0	0	0	0	0	191.5267	706.8944	731.018	731.018	731.018	655.7231	112.0279	6.594784	348.0558	364.9086	142.5212	3.557682	137.2919
945.3489	145.2556	46.9659	47.45008	152.0823	494.1694	516.5532	1737.514	591.1971	1.959891	0	0	1.959891	617.3669	824.8139	121.0461	290.9973	5.803732	72.81439
0	0	0	0	0	0	0	0	0	0	0	0	45.55785	0	0	0	0	4.206871	47.84717
40.28157	0	0	0	0	0	0	0	0	0	12.66139	4.840762	2.327109	520.8848	1578.567	1177.713	0	3.87348	143.0822
0	0	0	0	0	0	0	0	0	0	0	0	0	0	0	0	0	7.31234	42.46954
1592.903	1570.603	1008.311	856.9857	1403.349	1592.903	1592.903	1592.903	1592.903	1592.903	1592.903	1592.903	1592.903	1592.903	1592.903	1592.903	1592.903	4.652122	23.67379
1536.518	0	0	304.3475	1310.818	1058.181	28.99136	0	0	0	0	0	1132.73	428.6413	997.9918	14.4957	0	4.220548	65.17255
6.718471	921.5716	216.6364	0	0	0	0	19.3037	0	0	0	0	0	0	0	155.9329	859.8295	5.686385	109.2781
185.1345	0	0	0	0	13.8104	419.4919	862.2925	863.1557	863.1557	749.725	638.7151	633.7925	27.86053	0	0	0	1.376684	59.37981
3.090115	0	87.88836	245.202	1.814166	0	0	1.788779	9.308532	0	0	0	0	0	0	0	0	5.806197	149.0365
742.8388	887.8641	403.9741	300.7264	831.6367	913.3596	981.5043	346.0846	2.238418	0	0	30.18709	680.1006	887.8641	887.8641	887.8641	887.8641	4.869123	117.77
173.3256	683.6533	0	0	0	0	0	0	0	0	0	0	4.092642	459.1689	378.1441	708.6486	1861.926	7.293327	35.69492
778.6191	0	101.0015	0	602.4992	2070.803	1542.749	190.5151	12.42489	4.141631	0	0	0	0	0	0	0	1.219456	84.98804
0	0	0	0	0	0	0	0	0	0	0	567.1432	306.8451	0	0	0	0	5.644672	144.7351
2.827309	8.731946	5.391833	0	0	0	0	0	0	0	0	230.8112	965.3579	117.9214	141.5026	0	0	4.690762	4.315294
0	0	0	0	730.0306	1663.549	1767.297	838.2892	0	0	0	0	0	0	0	0	0	7.606568	28.1582
0	0	20.51711	0	0	0	0	0	0	0	0	0	0	430.7365	647.6819	541.6843	106.7286	3.749664	23.83123
283.1645	863.1557	863.1557	863.1557	640.4606	10.3578	0	0	0	0	0	0	323.3025	653.7892	639.9914	658.9849	721.0502	1.661475	16.94114
0	0	92.32729	245.84	261.9604	130.7971	0	0	0	0	0	0	0	0	0	0	39.20237	3.999548	167.8555
11.54213	0	0	0	0	621.5006	862.1157	226.404	0	0	0	0	143.8327	0	0	0	0	5.042425	85.59589
448.7346	454.9368	149.3441	359.6867	860.9666	765.7175	781.6604	632.0861	165.4137	576.6574	863.2668	860.6769	608.8849	773.1038	858.0496	883.8876	739.8176	1.649205	64.66081
0	0	0	0	0	0	0	0	0	0	0	0	0	0	0	0	0	8.371341	13.51013
0	611.8621	721.6374	731.018	647.6819	15.35138	0	0	0	0	0	0	0	0	0	144.7416	65.79162	3.039896	132.8545
273.9525	0	0	0	0	0	0	0	0	0	0	0	241.095	1817.303	621.7618	0	0	7.46151	50.99549
0	2.193053	16.81341	0	0	0	0	0	0	0	0	0	0	0	1.462036	0	0	3.425296	109.7606
131.8962	366.374	356.4822	4.396523	136.0914	628.1949	728.825	729.556	711.2805	460.5414	0	0	2.198261	93.42642	362.6739	337.9792	367.9957	3.55666	158.5428
36.53197	0	0	0	0	0	0	132.2905	247.1729	706.1428	914.6087	603.9529	0	0	0	0	0	4.454345	53.62924
631.2673	205.0953	399.5958	794.1392	887.8641	887.8641	887.8641	831.9278	210.5947	622.9471	735.569	68.23145	0	0	0	403.6953	161.8169	4.713591	14.32723
182.3237	0	0	0	0	0	0	0	0	0	0	0	0	6.219318	445.0151	1998.373	232.9956	7.496696	9.845385
0	0	0	0	0	0	0	0	0	0	0	0	0	0	0	0	0	6.828782	94.09747
0	0	0	0	0	0	374.1275	846.8237	906.2083	794.061	18.06085	0.9090838	162.9171	0	0	0	0	2.229979	166.5271
0	0	0	0	0	0	0	0	0	0	0	606.6029	1071.706	1125.062	1046.188	595.0044	0	3.8181	88.74835
565.5258	529.4105	988.9537	907.876	912.5872	912.0762	918.8256	853.9083	110.0567	548.6946	302.7594	130.5148	842.5823	887.8641	887.8641	887.8641	887.8641	5.768329	124.7166
199.0895	681.8872	712.8849	686.1649	419.2292	0	0	699.0817	1052.009	1047.91	1024.159	981.2861	946.6884	727.2625	0	0	286.3893	3.05175	7.992937
41.43653	1909.262	1105.697	0	66.47112	862.4035	858.0871	411.9473	91.17992	0	0	0	0	0	0	842.7989	1975.527	0.4962923	123.2968
500.0455	97.12704	1941.034	513.4772	0	0	0	8.28932	1183.285	1302.127	0	0	33.2112	1328.047	2147.748	793.8109	0	6.945765	30.94928
0	0	0	0	0	0	0	0	36.4515	234.4094	0	0	0	0	0	0	0	4.709963	30.83876
182.1843	0	0	0	0	0	1.814096	575.9734	1159.36	825.6071	807.025	346.2179	0	26.63169	473.5208	148.2597	245.8803	1.683249	62.91653
4.396523	0	0	0	0	0	223.8573	353.1849	96.35745	0	0	0	0	59.71958	0	0	0	4.952049	132.3886
0	0	0	0	0	0	0	0	201.5476	20.69186	680.7816	456.4089	819.672	154.7877	0	0	0	5.920832	44.89656
1592.903	318.5833	1156.45	1592.903	1592.903	1592.903	1592.903	1592.903	1592.903	1592.903	1592.903	1592.903	1592.903	1592.903	1091.141	242.123	129.0264	4.770379	86.17607
7.598327	19.855	158.84	424.8638	625.9504	525.9165	652.6262	526.5871	3.453043	114.7337	296.3368	28.15552	0	0	0	0	0	1.534729	81.54089
0	0	0	0.7756941	0	0	0	0	0	0	0	0	0	0	0	0	0	3.838818	105.0557
585.6282	1626.21	652.6451	9.799454	0	0	33.31814	642.0132	180.7825	543.7574	87.18557	0	10.65207	21.30413	132.6666	471.5397	555.7614	5.820618	61.3737
0	0	0	0	0	0	0	0	0	0	0	0	0	0	0	0	0	3.523578	16.11168
0	0	0	0	0	0	0	0	0	0	0	0	0	0.8631499	0	0	0	2.468191	45.80624
497.2361	0	0	0	276.7053	627.8041	706.8074	773.0895	813.47	343.5774	272.7909	88.82286	423.0366	651.0903	417.5389	607.2146	173.8603	1.545614	144.2858
1275.592	164.8829	550.759	465.2958	11.22239	0	1107.794	2070.803	1178.287	120.1073	8.283256	28.9914	370.6752	1793.315	2070.803	244.2561	0	0.8258526	106.32
0	571.5429	341.6839	0	0	0	0	0	0	0	0	0	0	0	0	0	28.99141	1.419653	64.69104
301.7913	366.374	323.5095	13.18957	20.2731	302.1362	227.3466	21.19952	6.228407	290.5368	366.5128	368.3546	376.0377	387.9106	255.5903	367.0747	380.4892	3.72918	134.9518
128.5988	427.6455	502.9404	336.8616	26.45822	48.72821	366.374	366.374	382.0421	367.619	152.047	0	0	0	0	0	80.41198	3.705925	60.73395
0	0	0	0	0	0	0	0	0	0	0	0	554.6501	1075.64	203.0653	40.90618	35.27209	6.413095	43.9178
0	0	0	0	0	0	0	0	0	0	0	0	0	0	0	0	0	8.706837	2.436224
110.6052	1083.83	0	0	0	0	0	8.290108	746.8802	1827.272	0	0	174.4777	1976.836	1779.555	143.3041	1552.41	7.059077	13.68594
0	0	6.435069	333.1674	98.67568	0	0	0	0	0	55.912	472.1443	227.7896	0	0	0	0	4.687027	63.13936
0	0	0	0	0	0	0	0	0	0	0	0	0	0	0	0	0	6.182684	9.311626
0	0	0	0	0	0	0	0	0	0	0	0	0	0	0	0	0	7.171834	63.42044
500.3317	945.7329	1269.138	226.1307	81.94125	116.0906	795.6342	892.9614	6.215013	0	0	0	0	0	0	31.94689	0	7.557677	11.45353
184.9921	618.8434	735.5638	0	0	0	0	0	0	0	0	0	0	0	0	0	0	2.182763	57.27995
741.8103	731.018	731.018	761.2202	743.8143	727.3691	706.1914	698.8188	709.8336	731.678	738.5524	766.1893	731.018	731.018	731.018	726.1179	731.018	2.810153	150.3015
0	0	0	0	0	0	0	0	0	0	0	0	0	0	0	0	0	7.696121	61.49495
376.0298	0	0	0	0	0	0	0	76.18105	379.715	378.3172	930.3623	808.6986	915.4565	240.8466	0	0	5.057722	173.5618
0	0	0	0	0	0	0	0	0	0	0	0	0	0	0	0	0	3.580313	55.55915
726.2774	3.904026	0	0	0	0	0	0	15.41982	735.6131	1150.385	807.025	807.025	807.025	766.6747	64.56244	34.1421	1.796134	15.95409
221.0768	0	0	0	0	0	172.2444	887.8641	887.8641	887.8641	695.1945	0	0	0	0	262.8063	0	4.937723	139.7376
0	1171.981	1348.01	803.3559	14.45233	0	0	0	0	0	0	0	0	0	0	0	142.8298	3.845785	82.70177
0	0	0	0	0	0	0	0	0	0	0	0	0	0	0	0	0	3.523207	166.1033
0	0	0	0	0	0	0	0	0	0	0	0	0	0	0	0	0	3.166977	66.81847
383.0998	2045.953	2016.908	1403.878	1441.165	2052.126	2050.094	349.9669	0	0	0	0	0	0	0	0	459.7196	0.9789343	91.98956
0	863.0035	812.3945	103.8791	0	0	0	0	0	0	0	689.5476	66.74201	216.722	0	520.2825	824.8248	5.514355	137.658
158.9264	0	48.05299	626.179	31.05592	47.71402	19.0601	30.05876	385.8251	0	559.3491	887.8641	887.8641	887.8641	427.0581	0	0	5.881931	4.000908
