904.0374	0	1192.114	1637.518	159.3857	4.366735	0	43.66737	962.8627	1988.354	425.4639	0	0	0	0	0	0	8.748832	22.31701
61.68751	575.6973	1.285157	1008.848	1285.156	1163.067	0	349.355	124.4376	0	0	0	0	0	0	145.6967	667.5108	4.861816	51.71583
0	936.6625	1026.18	255.4538	0	0	0	0	0	0	0	0	0	0	144.1022	0	87.3347	4.480217	147.1654
6.550102	0	0	0	0	0	0	0	0	133.7538	491.0928	636.9863	2154.972	1735.554	1018.055	992.2836	0	4.060566	12.73414
578.4942	659.6259	659.6259	659.6259	659.6259	650.7789	635.0727	219.449	0	0	0	0	3.298135	387.2024	389.4687	628.6243	659.6259	5.269424	173.323
1020.083	0	0	0	0	1093.864	1632.513	269.3221	60.68619	27.62509	69.24699	129.9304	1416.566	318.551	0	0	0	7.222013	176.0195
0	0	0	0	370.0518	583.7711	610.8149	305.4073	0	0	0	0	0	0	0	0	0	1.038004	151.9345
0	0	0	0	0	0	0	0	0	0	0	0	0	0	0	0	0	6.779654	6.419403
1233.598	0	72.05107	1021.813	2183.355	504.359	0	0	0	0	0	0	15.28357	2159.338	1502.15	141.9187	0	1.448585	133.7869
0	0	0	0	0	0	0	0	0	0	0	0	0	0	0	0	0	6.763544	83.59753
0	0	0	0	0	0	0	0	0	0	0	0	0	0	0	0	0	5.323822	27.51234
0	0	0	104.8016	513.0926	104.8016	0	0	0	0	0	0	0	0	0	0	0	5.089458	29.62704
0	0	0	0	0	0	0	0	0	0	0	0	0	0	0	0	0	3.913061	37.28035
0	0	196.5029	1085.13	1179.014	434.491	0	0	0	0	0	0	0	0	0	0	0	6.287817	80.43448
345.8234	0	0	0	564.751	771.6598	771.6689	771.5252	771.5252	771.5308	771.8704	765.3528	6.172127	172.1625	599.6016	625.9859	0	5.702336	39.10599
0	0	0	0	0	0	0	0	0	0	0	0	0	0	0	0	0	7.281963	36.977
0	0	0	0	0	0	0	0	0	0	0	0	0	0	0	0	0	4.251472	116.0582
0	655.0104	0	0	0	0	0	0	0	0	0	0	0	0	0	270.7375	1412.633	6.21039	12.26678
314.6717	318.8501	313.5196	312.9783	312.3942	309.3896	309.3896	309.3896	166.1434	25.67952	7.116015	21.96681	100.4362	20.41986	9.281759	21.34804	122.829	7.422584	85.34702
0	0	0	0	0	0	0	0	0	0	0	0	0	0	0	0	0	5.478679	126.7267
0	2069.821	1967.203	1246.698	8.733468	0	0	0	0	0	0	0	0	493.4422	102.6182	572.043	1875.503	1.631153	29.22876
0	297.7082	2.329038	0	0	0	0	0	0	0	0	0	0	0	0	0	208.6234	8.652255	128.8814
504.1925	624.8632	572.862	155.2517	10.06592	14.2977	0	284.9578	651.2971	659.6251	521.0521	559.8643	559.9566	557.1779	651.7452	596.438	576.5239	5.286621	74.55324
0	0	0	0	0	0	0	0	0	0	0	0	0	0	0	0	0	7.692446	164.5598
0	0	0	0	0	0	0	0	0	0	0	0	0	0	0	0	0	8.333282	41.75548
895.397	1174.879	2146.238	711.7775	91.70143	28.38379	92.03827	1009.911	2112.645	684.1733	665.444	534.3472	171.6836	27.94854	188.918	1188.77	1285.156	5.474344	62.86963
0	0	0	0	0	0	0	0	0	0	0	0	0	0	0	0	0	5.388412	126.9209
92.87412	170.9076	0	0.3093919	234.5879	319.026	304.9213	270.5877	56.30923	0	127.67	252.0102	158.3713	248.4284	255.8479	255.8479	255.8479	7.528379	77.41718
888.6288	68.78243	500.7299	2102.571	434.491	0	0	0	0	0	0	0	1015.263	1794.563	471.8023	54.74717	28.03787	7.537281	32.15424
0	0	0	0	0	0	0	0	0	0	0	0	0	0	0	0	0	4.466989	125.5255
200.3343	0	0	0	0.255851	138.6713	2.55851	0	609.418	1502.167	2081.358	2149.603	2141.728	1644.913	0	681.3785	0	7.769565	171.3172
203.464	80.33739	194.7011	22.25905	0	453.6563	1295.723	1994.977	2106.226	2086.065	1619.72	0	687.2953	0	0	0	0	7.695718	120.4221
1165.797	0	4.366735	1877.686	1319.664	665.444	665.444	665.444	665.444	861.8814	1980.598	1923.536	8.733471	0	0	0	0	5.282848	90.86508
0	0	0	0	0	0	0	0	54.58421	253.2704	2.183368	0	0	0	0	0	0	4.878692	50.77391
20.46808	1.023404	0	0	0	0	0	0	0	0	0	0	69.84747	253.5453	255.8479	255.8479	203.3998	7.906888	20.88505
173.4661	0	53.98466	99.78212	212.3544	255.8479	255.8479	255.8479	209.0284	188.5609	223.3557	110.5279	0	29.70161	132.1108	0	0	8.034046	81.89014
0	0	0	0	0	0	0	790.3779	1454.116	1294.732	194.3195	0	0	0	0	0	259.8205	1.045643	44.026
533.5267	803.4952	196.1323	706.1289	1678.301	1689.918	0	0	0	0	0	0	0	0	83.36912	2080.634	1371.531	5.851658	49.15393
0	538.5753	508.2176	298.3587	456.4636	496.7014	0	0	371.352	227.5565	0	0	0	0	0	265.9867	520.1464	4.577731	86.27259
50.21747	0	360.256	1986.513	2059.935	1962.677	2086.927	1862.403	139.7355	0	0	0	0	0	0	0	0	7.342345	140.3115
77.83578	0	0	25.72541	641.8157	659.6251	659.6251	90.36861	0	0	0	0	0	0	0	0	0	0.4434366	117.5169
0	0	0	0	0	0	0	0	0	0	0	0	0	0	0	0	0	3.577607	159.3453
17.46694	0	0	0	362.4394	1999.954	1430.091	1148.469	1835.055	1724.852	43.66737	0	15.28357	1362.416	598.2433	0	0	3.534937	88.44212
0	0	0	0	0	0	0	0	0	0	0	0	0	10.91684	183.4028	0	0	3.714252	35.90079
0	0	0	0	0	0	0	0	0	0	0	0	0	0	0	0	0	6.756513	17.6332
0	0	0	0	0	0	0	0	0	0	0	0	0	0	0	0	0	2.073921	153.0712
842.7784	0	0	0	1941.003	967.2294	45.85073	2.183368	0	155.019	1665.901	1200.848	0	0	0	0	0	2.769259	130.6109
0	0	0	0	0	0	0	0	0	0	0	0	0	0	0	0	0	4.747772	163.6408
371.504	529.817	659.6251	659.6251	659.6251	659.6251	569.2589	3.29813	0	0	0	0	0	35.61983	331.5587	592.3375	551.3704	0.3929138	107.6408
197.9236	0	0	0	0	0	174.1712	567.2724	567.2569	556.4805	574.0911	567.0026	630.1459	659.6251	659.6251	655.6674	182.7157	4.82384	109.4049
141.9188	0	0	0	269.6627	832.7043	1404.466	1799.536	1629.395	2069.821	1139.714	768.5446	1006.53	2026.154	895.1788	0	0	8.300665	93.70563
60.02599	526.9854	763.9985	120.9257	0	0	0	2.638508	282.32	659.6259	659.6259	659.6259	590.1583	12.53291	0	0	6.480745	1.80831	94.15452
0	255.8479	88.01294	0	0	0	0	0	0	0	0	0	12.06629	0	0	145.3232	249.7076	7.808838	28.33132
0	0	0	1115.697	2023.082	2096.59	2073.227	1578.567	58.95095	0	0	0	0	0	0	0	0	5.981219	133.9805
558.5121	22.42728	198.5466	522.4268	659.6251	659.6251	659.6251	607.9582	526.678	517.3982	579.4024	530.553	644.5868	472.3932	659.6259	625.5045	60.02599	1.005607	153.4937
0	0	0	0	0	0	0	0	0	0	0	0	0	0	0	0	0	4.530488	160.7076
0	0	0	0	0	0	0	0	0	0	0	0	0	0	0	0	0	6.548966	42.93348
542.1633	578.9545	570.2611	558.0128	649.437	564.3979	591.9482	658.2942	659.6259	501.4567	240.3897	19.47602	18.2413	13.89483	0	36.85131	585.703	5.366539	85.97025
0	0	0	0	0	0	0	0	0	0	0	0	0	0	0	0	0	8.755306	34.15957
0	0	0	0	0	0	0	0	0	0	12.28084	157.092	18.93297	0	0	0	17.14201	8.031633	142.1731
0	0	0	0	0	0	0	0	0	0	0	0	0	0	0	0	0	7.10974	162.1544
195.7245	54.49636	187.7933	255.8479	255.8479	255.8479	190.3518	146.8583	181.6531	46.56496	0	0	0	0	0	11.76914	42.98304	6.794964	36.73093
26.2693	255.8479	255.8479	254.3128	91.08316	0	103.3371	270.4164	19.80108	0	0	0	0	111.9801	0	5.884572	190.8635	8.106573	150.9083
0	0	0	0	87.3347	39.30063	0	0	0	0	0	0	0	0	0	0	0	8.847741	27.84195
0	0	0	0	0	0	0	0	0	0	0	4.366735	4.366735	0	0	0	0	7.448839	4.860474
1012.201	0	126.6353	1973.754	1197.136	0	0	0	0	0	0	0	2032.704	733.611	4.366735	0	411.1521	8.780711	156.9909
0	0	0	0	0	0	0	0	0	0	0	0	0	0	0	0	0	4.549522	91.41718
61.13432	0	0	434.491	2043.621	1511.904	1217.587	1528.423	1882.053	159.3857	0	0	1154.997	1967.203	2078.554	1163.731	0	3.190749	107.6821
0	2060.675	1439.256	103.4864	0	0	0	0	0	0	0	0	0	39.30063	1482.5	2054.538	461.9801	8.485959	152.4828
0	0	0	0	0	0	0	0	0	0	0	0	0	0	0	0	0	7.318256	100.7964
535.3295	0	0	0	0	82.45314	315.3011	379.9456	648.4117	659.6251	659.6251	659.1909	554.5541	516.4904	228.393	14.51177	0	0.1849864	114.2029
0	0	0	0	0	120.8848	430.7896	428.1996	397.821	0	0	0	0	0	0	0	0	2.960456	88.45627
382.0898	0	0	0	0	0	0	2019.604	1141.897	1220.498	1960.653	932.2958	48.0341	0	432.3076	0	0	1.06671	78.57208
0	0	0	0	0	0	0	0	0	0	0	0	0	0	0	0	0	7.029399	67.0864
1048.43	0	0	187.7695	2178.989	575.0195	95.90102	32.37342	23.44332	112.0895	474.9268	2144.055	430.7104	0	0	0	0	7.143473	143.9761
0	719.0601	754.5512	740.6634	536.2039	19.2879	0	0	131.492	291.2429	179.447	0	58.33414	206.47	66.26554	0	331.7515	6.900173	93.75595
1037.097	1032.73	1676.818	82.96797	0	6.550103	2052.354	1085.13	137.5521	26.20042	0	0	0	388.64	0	0	0	3.495245	102.5334
31.72556	158.8829	255.8479	255.8479	135.857	0	0	0	0	0	0	0	0	0	0	0	0	7.893371	41.68713
0	0	0	0	0	0	0	0	0	0	0	0	0	0	0	0	0	6.26666	156.9991
761.9945	0	0	72.05114	2146.238	751.0778	54.58421	2.183368	910.4622	2004.32	687.7606	72.05113	0	0	0	0	0	1.751396	164.917
0	0	0	742.3444	1775.069	1270.715	72.05115	0	0	0	0	0	233.6201	0	0	0	0	3.62485	103.1002
703.0441	10.91684	347.1558	1914.803	1382.066	146.2856	0	0	0	0	0	0	0	1882.053	1154.997	115.7184	434.491	9.547369	132.3936
0	0	0	0	0	0	10.59514	62.70946	2.380982	0	0	0	0	0	0	0	0	3.135862	53.01886
0	0	0	0	0	0	0	0	0	0	0	0	0	0	0	0	0	4.906849	151.042
0	0	0	0	0	0	0	0	0	0	0	0	0	0	0	0	0	4.411206	85.17899
817.0428	359.0415	782.3666	999.2973	976.2896	243.9676	0	0	0	35.16648	439.5813	749.6338	296.6325	278.2081	0	392.4233	125.4287	2.910526	93.01901
0	0	339.7085	213.0591	0	0	0	1011.548	1194.298	0	0	0	0	0	0	0	0	2.173117	71.98514
936.5262	279.471	0	0	0	0	478.1586	2181.172	240.1702	0	0	0	0	0	0	909.0666	2089.471	9.34894	64.21359
50.21747	2013.054	932.2958	0	0	0	0	0	0	0	0	0	0	1017.446	2054.538	484.7087	1283.815	2.857891	165.1909
0	0	0	0	0	0	0	0	0	0	0	0	0	0	0	0	0	6.983927	69.62628
469.425	0	0	0	1539.267	1216.131	65.50105	264.1873	1558.917	1679.001	0	0	0	0	0	0	0	8.761373	54.4332
1168.098	1919.17	962.8627	0	0	0	1161.547	1674.635	0	0	0	0	0	0	2.183368	414.8405	650.6437	3.280022	138.1855
0	0	0	0	0	0	0	0	0	0	0	0	0	0	0	0	0	0.8471926	153.8677
0	0	53.4297	255.9338	37.59868	0	0	0	0	2.183367	930.1124	1532.717	1344.949	347.1557	0	291.5949	0	0.7164313	75.28784
665.9271	0	0	0	753.2611	1951.92	419.2073	65.50105	65.50105	323.1386	1576.384	1327.482	460.6915	0	0	0	0	2.636792	62.82892
886.4454	2003.348	1250.038	1329.456	1820.919	187.7695	21.83368	17.46694	229.2534	1729.218	1414.816	0	0	0	371.1729	323.1386	1261.982	2.449334	83.98135
0	1045.83	1910.436	2032.704	1825.286	879.8954	1587.301	1770.702	1423.549	189.9529	0	0	0	0	0	0	0	2.720015	102.0195
1343.92	1285.156	1130.938	1169.281	22.65249	0	573.4036	2074.188	152.8356	0	0	0	0	137.5521	2006.504	1362.493	1285.156	5.733535	54.28375
1111.591	0	0	279.471	2176.805	472.3078	19.40976	0	0	0.8531511	84.64346	1213.948	522.2668	2050.171	1242.331	0	0	8.117091	139.3989
283.8377	0	0	0	0	13.10021	1877.686	1425.733	541.4762	427.9408	1041.463	2080.738	292.5713	537.1095	0	0	0	1.526388	59.63571
