0	530.9579	662.3356	395.7596	410.1136	635.6779	400.3168	1124.593	1263.169	122.5853	59.616	403.6843	281.0461	0	0	0	18.37823	3.511919	44.16368
0	0	0	63.21367	472.0892	566.9267	395.3316	0	0	0	0	0	0	0	0	0	0	10.5688	58.11606
194.9901	668.3354	18.19406	0	0	0	111.3459	173.513	0	0	0	0	0	0	0	0	0	4.77251	139.9464
121.4044	0	0	0	0	0	0	0	0	89.42391	851.6664	851.6664	851.6664	538.3712	0	0	0	1.697733	160.0769
0	0	0	0	0	0	0	0	0	0	0	0	0	0	0	0	0	1.781765	121.5872
38.99775	0	0	0	0	0	202.9111	304.6692	304.6692	304.6692	304.6692	300.7086	57.58252	0	6.482611	0	0	0.5935954	126.7765
96.03505	0	0	0	29.32358	335.2113	480.2533	366.5464	366.5464	357.7493	22.35923	0	0	0	0	0	0	3.301439	160.7508
0	0	0	90.85173	45.42592	0	0	0	0	0	0	0	0	0	0	0	0	3.67855	157.1925
17.9881	0	0	0	0	0.3046699	143.5	243.4325	67.33195	0	0	0	0	0	0	0	0	0.8563171	140.7095
771.8502	771.3611	771.3611	771.3611	771.3611	771.3611	790.5744	837.4563	588.8811	111.0751	642.8864	819.4301	771.5009	752.4397	771.3611	771.3611	771.3611	4.990966	33.51035
70.66354	638.1553	641.3621	641.3621	641.3621	620.8386	121.8594	0	116.6889	298.8807	304.6692	304.6692	300.404	85.00294	0	0	180.8656	0.694281	115.5642
0	0	0	0	0	0	0	0	0	0	0	0	0	0	0	0	0	10.72751	154.735
394.4741	38.96079	232.5659	1024.484	352.6844	269.3619	93.46838	0.8080826	0	0	0	0	0	352.0756	664.3862	190.7028	231.699	2.67112	154.6444
84.26211	363.6277	45.35752	0	0	0	0	0	0	0	0	2.061866	4.043125	40.43124	85.44919	42.16878	308.7312	3.776472	99.64893
36.62816	727.6407	0	0	0	0	0	0	0	0	0	0	0	0	34.48658	0	62.66841	5.304796	81.5376
981.0565	17.59678	0	0	0	0	0	0	31.48896	72.34135	333.2825	1099.771	1787.89	2064.97	1454.32	240.5161	450.9548	9.59964	127.494
0	0	0	0	0	0	0	0	0	0	0	0	0	0	0	0	0	5.28389	141.5824
0	0	0	0	0	0	0	0	0	0	0	0	0	0	0	0	0	5.28051	22.97244
0	0	0	0	0	0	0	0	0	0	0	0	0	0	0	0	0	2.328395	152.5444
131.5901	0	0	216.6289	366.5464	389.0535	401.6575	367.7853	366.5464	366.5464	174.476	0	0	0	0	0	0	1.175617	60.28177
0	612.3431	93.68218	0	0	0	0	205.2659	245.5861	123.1595	0	0	191.5047	0	423.2723	741.7991	760.5362	2.060764	162.5165
772.2599	892.9894	0	0	0	0	0	0	0	120.7313	1810.95	137.3838	0	0	0	22.8973	1176.079	7.501591	141.3036
0	0	0	0	0	0	0	0	0	0	0	0	0	0	0	0	0	2.481077	93.79723
136.1879	304.6692	304.6692	216.926	0	0	0	0	0	0	0	0	0	13.71015	196.8177	96.88516	304.6692	0.5396671	51.86807
0	146.533	8.619549	0	0	0	159.7003	620.1973	622.7627	574.6609	232.8168	0	0	0	0	0	141.7413	2.085984	163.1591
0	0	0	0	0	0	0	0	0	0	25.06087	123.5056	55.61987	10.50772	0	0	0	4.839955	162.6288
647.9379	0	0	0	0	0	822.0696	1911.77	1911.77	1911.77	1464.76	1970.796	1634.019	262.2782	0	156.6793	153.6387	7.576921	30.54092
0	0	0	0	0	0	0	0	0	0	0	0	0	0	0	0	0	9.351707	155.3302
6.942205	0	0	0	0	0	0	0	0	0	0	133.4445	702.7098	771.3611	392.6222	0	0	5.551567	107.9428
0	0	0	0	0	0	0	0	0	0	0	0	0	0	0	0	0	3.970502	59.70449
0	0	0	0	0	0	14.00676	91.31347	0	0	0	0	300.6341	90.27557	0	0	0	2.789113	52.96313
0	0	0	0	0	0	0	0	0	0	0	0	0	0	0	0	0	2.82679	123.8261
0	0	0	0	0	0	0	0	0	0	0	0	0	0	0	0	0	8.717112	12.56918
0	0	0	0	0	0	0	0	0	0	0	0	0	0	0	0	0	10.39954	158.7596
0	0	0	0	0	0	0	0	0	0	0	0	0	0	0	0	0	2.072361	31.59624
151.9572	770.5897	771.3611	771.3611	806.4233	275.2238	0	0	0	0	0	0	235.3196	0	0	0	145.7863	5.408811	21.21631
519.1647	735.8373	198.6663	366.5464	365.8134	289.5717	179.8504	851.6664	851.6664	851.6664	851.6664	851.6664	192.4741	0	0	452.9194	421.569	2.190559	92.79983
0	0	0	0	0	0	0	2.061568	0	0	0	0	6.458363	0	0	171.2927	129.3825	2.049987	33.86435
0	0	0	0	0	0	0	0	0	0	0	0	0	0	0	0	0	8.627958	125.4727
0	0	0	0	0	0	0	0	0	0	37.81471	7.470375	0	0	0	0	0	4.501797	139.1712
30.55126	0	0	0	0	0	22.61498	238.7722	15.18486	11.12671	0	0	0	0	0	0	0	1.820248	136.6254
4.55766	0	0	0	61.51704	676.6898	270.675	274.7761	510.5914	478.9495	391.4116	0	0	0	0	0	0	2.631971	32.36451
0	0	0	0	79.27164	72.04766	325.4719	290.9071	196.6868	0	0	0	0	0	0	0	0	4.495396	27.6623
0	312.236	1636.1	1265.586	1275.993	1631.937	268.5229	0	0	0	0	0	0	0	0	0	0	7.234048	77.32447
1586.353	1432.83	2013.104	2186.984	1903.542	2033.516	2186.984	2177.238	1962.285	1108.835	1.715626	0	0	0	0	59.97742	1020.268	10.47475	147.9426
524.7517	338.6889	366.5464	366.5464	366.5464	333.1907	99.04258	152.2092	164.3695	460.7451	851.6664	851.6664	851.6664	851.6664	851.6664	717.1003	69.64369	2.688968	167.6539
843.1496	851.6664	851.6664	851.6664	457.3385	19.5881	0	0	20.43976	472.6682	851.6664	851.6664	851.6664	851.6664	851.6664	851.6664	851.6664	2.95679	33.66639
424.9576	851.6664	851.6664	746.0576	183.6397	366.5464	366.5464	366.5464	355.9166	102.4475	654.9273	831.226	43.4345	0	67.28091	763.9429	436.1259	2.523663	79.27547
0	0	0	0	0	0	0	0	0	0	0	0	0	0	0	0	0	1.951528	46.89743
0	0	0	0	0	0	0	0	0	0	0	0	0	0	0	0	0	9.482727	53.22541
0	436.6308	685.4204	618.5693	231.1793	0	0	0	0	0	0	0	0	0	124.9416	0	46.75579	4.701485	129.4617
228.7346	0	0	0	0	0	0	0	512.6261	957.7767	993.2134	985.5056	979.7236	979.7236	977.313	412.0219	0	10.9214	93.95474
0	0	0	0	0	0	0	0	0	0	0	0	0	0	0	0	0	2.022225	103.3856
95.29597	381.5199	9.268017	0	0	0	0	0	0	41.71	45.80855	0.35686	1.503457	0	0	0	80.3101	1.662527	56.91359
325.3321	851.6664	851.6664	719.6553	0	0	0	0	0	0	0	0	90.53685	232.9289	414.4327	851.6664	851.6664	3.196621	10.08542
0	0	0	0	0	0	0	0	0	0	0	0	0	10.32822	0	0	0	6.596781	8.24173
53.22355	0	0	0	0	0	0	0	0	477.4721	771.3611	759.6697	681.3923	667.9323	308.727	0	0	5.643184	142.3561
12.3417	0	0	0	0	236.807	742.8207	688.8253	0	0	0	0	0	0	0	0	121.8741	5.618133	113.7607
175.441	0	0	0	0	0	0	0	489.8128	851.6664	851.6664	851.6664	631.9318	107.1392	297.2691	5.864718	0	2.435597	149.2255
0	693.2531	788.6418	704.325	241.0183	0	0	0	0	58.6473	245.5861	184.3728	13.19561	0	186.3731	0	247.8316	2.050186	134.3995
330.3037	305.2907	0	22.24092	174.8813	217.2307	103.8926	0	0	21.80643	84.66021	391.874	641.3621	246.1592	641.3621	641.3621	641.3621	0.8989989	100.3206
827.3448	0	0.6626452	68.3944	538.2465	401.1293	582.5341	851.6664	851.6664	851.6664	851.6664	851.6664	851.6664	851.6664	722.2104	68.79003	0	1.766421	150.8693
0	0	0	0	0	0	199.0408	858.7791	966.548	962.3533	812.1869	56.40815	451.5331	269.7905	183.5172	0	0	10.82606	32.85138
0	2.061758	156.6906	474.9084	2.061676	0	0	0	0	0	0	0	0	0	0	0	0	3.141238	123.8398
355.1246	363.6141	366.5464	372.5113	376.4324	369.3115	367.9827	341.9878	45.81816	0	0	0	12.46252	34.45522	11.36289	21.62614	135.9886	1.710031	109.4373
1011.453	43.76374	0.9513862	0.9513862	0	195.6679	1800.542	0	0	0	0	0	0	0	951.2727	2079.29	964.2904	7.310709	111.466
0	0	0	0	0	0	0	0	0	0	0	0	0	0	0	0	0	9.680573	93.80856
56.20937	828.671	851.6664	851.6664	851.6664	811.6373	183.9575	0	0	0	0	0	0	0	0	307.4474	246.1283	2.584324	135.5085
15.76143	0	0	0	0	236.4224	366.5464	295.4364	1.099635	0	0	0	0	0	0	0	0	1.787831	102.0767
0	0	0	0	0	0	0	0	0	0	0	0	0	0	0	0	0	6.949408	92.41625
1209.914	0	13.38252	1591.105	1877.269	1871.551	1712.534	1128.17	2080.42	878.4186	0	0	0	0	0	136.0636	41.03136	7.322543	71.07095
169.0278	232.7569	366.5464	367.8172	376.9836	416.258	369.6793	224.6929	67.07787	0.7330898	169.7018	292.1783	45.39578	0	277.071	386.7431	0	0.8578922	107.2332
147.1561	304.6692	304.6692	304.6692	304.6692	235.8157	0.6093398	0	0	0	0	0.9540042	72.71105	0	0	0	51.79382	0.480956	82.83954
0	0	0	0	0	0	0	0	0	0	0	0	0	0	0	0	0	3.795097	49.90924
0	0	0	0	0	0	0	0	0	0	0	0	0	0	0	0	0	2.84366	133.9302
0	0	0	0	0	0	0	0	0	0	0	0	0	0	0	0	0	2.575647	25.37091
0	0	0	0	0	0	0	0	0	0	0	0	0	0	0	0	0	3.352632	120.2938
26.56581	553.7868	310.491	116.8367	0	0	0	0	0	0	0	0	10.62632	522.3049	434.1164	225.9354	234.3662	4.805615	165.3862
0	0	0	0	0	0	0	0	0	0	0	0	0	0	0	0	0	2.54396	12.11807
336.4506	367.4809	156.8818	8.430532	0	0	7.330897	0	0	0	0	89.80376	366.5464	366.5464	372.1616	372.8564	373.675	1.786449	23.15069
8.246274	148.433	0	0	0	0	0	0	0	0	0	0	0	0	0	221.8456	479.7314	2.335233	145.4955
411.9112	366.5464	366.5464	356.6497	47.6292	850.8148	851.6664	851.6664	851.6664	783.5317	53.65439	0	482.49	413.0525	822.7092	335.9619	318.8954	2.286663	144.5519
0	0	0	0	0	0	0	0	0	0	0	0	0	0	0	0	0	9.621533	33.4559
42.2865	0	0	556.859	1774.047	1890.735	1881.172	1816.536	557.4409	0	0	0	0	493.7762	0	0	0	8.131477	43.53156
667.9814	5.961598	643.8554	851.6664	851.6664	851.6664	851.6664	851.6664	479.9001	37.34765	0	0	0	0	0	0	0	1.507241	24.51953
37.49841	0	0	0	0	0	0	0	214.389	1649.289	1865.818	137.6488	0	0	0	0	0	8.62746	169.8027
0	53.31477	662.3356	629.5261	578.2611	1037.539	1625.597	1686.002	119.0321	264.013	671.961	726.4688	184.8092	0	0	0	161.798	3.519737	59.99411
525.5581	0	0.7330898	267.2123	366.5464	366.5464	272.344	476.0749	851.6664	851.6664	851.6664	851.6664	717.952	19.5881	0	0	0	3.003797	169.6952
0	0	0	0	0	0	0	0	0	0	0	0	0	0	0	0	0	8.567795	62.02365
0	0	0	0	0	0	0	0	0	0	0	0	0	0	0	5.446731	0	10.54555	176.9187
98.45462	368.399	321.0947	0	0	0	0	0	0	0	0	172.886	497.3662	102.6312	328.0591	153.4896	422.0929	2.858181	76.48345
266.1266	366.5464	238.2551	354.6884	618.6823	340.6836	0	0	0	0	0	0	223.2267	320.3616	592.5408	375.0732	366.5464	3.074908	31.00354
0	35.03706	0	0	0	0	0	92.83053	775.0148	446.267	0	0	0	0	26.50631	211.1372	176.4046	0.818315	35.56982
0	0	0	0	0	0	0	0	0	0	0	0	0	0	0	0	0	10.14074	155.1462
710.806	0	0	1.682441	199.3687	260.7776	514.8253	614.9337	280.1256	520.8804	786.9414	771.3611	771.3611	771.3611	771.3611	505.2411	129.5877	5.379756	65.37057
34.42772	0	0	0	0	0	99.22774	11.75836	0	0	170.9205	304.6692	304.6692	240.6905	68.74526	0	0	0.656244	85.19159
111.9832	0	0	0	0	0	0	0	0	0	0	0	0	41.90406	6.634813	0	10.81182	1.719916	83.13627
0	0	0	0	0	0	0	0	0	0	0	0	0	0	0	0	0	4.156786	135.1934
24.51185	0	0	0	0	0.8080826	428.0776	329.0695	269.3619	269.0926	152.9977	0	0	0	0	64.77789	10.26186	2.297341	13.50637
0	0	0	0	0	0	0	0	0	0	0	0	0	0	0	0	0	9.625981	33.06555
