132.8755	0	4.286306	347.1906	857.2536	857.2536	692.6638	285.4673	48.00665	0	0	673.0544	1521.717	1552.669	741.1804	0	0	3.63722	20.25247
0	0	0	0	0	0	0	0	0	428.8251	885.336	950.0146	803.5809	564.4063	0	314.5904	0	7.075841	129.1264
0	0	0	0	0	0	0	0	0	0	0	0	0	0	0	0	0	7.757617	2.556348
0	0	0	0	0	0	0	0	0	0	0	0	0	0	0	0	0	5.018174	33.70468
41.14855	0	0	0	0	163.6981	341.1949	466.0743	854.6819	857.2536	299.1836	0	0	0	0	0	0	3.245175	46.72574
0	0	0	0	0	0	0	0	0	0	0	0	0	0	0	0	0	3.654974	106.5986
35.10186	0	0	0	0	0	0	0	0	24.77779	1870.726	2064.818	1893.439	291.1391	0	0	0	3.41901	29.67835
491.3423	926.9323	628.5443	0	0	0	14.1097	735.4653	881.8501	881.8501	881.8501	881.8501	172.5563	779.4203	1006.012	1064.68	1040.171	6.193783	147.3045
407.4881	0	0	0	0	0	0	0	0	585.038	1585.327	1586.914	1586.914	1586.914	1586.914	1570.742	291.2482	1.941369	96.72292
340.5492	35.41968	105.8675	349.9164	503.5664	495.8756	481.5581	500.6978	371.299	289.7355	705.2565	200.7683	0	0	0	360.4757	354.9122	7.609429	17.02783
584.571	591.0143	900.3836	506.7132	86.84959	0	12.68649	513.2603	497.6851	482.7964	507.9792	57.67674	428.1204	908.2824	662.4716	287.7709	278.7085	8.034534	146.6912
388.5229	432.5549	798.6235	645.6276	34.44434	0	0	0	4.129623	1926.476	1975.998	514.0135	26.8202	407.1283	0	0	0	4.618499	142.6672
0	863.3315	860.686	681.6733	29.10126	0	0	0	0	0	0	0	2.13207	202.8267	0	227.5185	771.6206	5.337345	176.0771
0	0	0	0	0	0	0	0	0	0	0	0	0	0	0	0	0	6.844576	72.74695
0	0	0	0	0	0	0	0	0	0	0	0	0	0	0	0	0	5.218637	160.5119
0	0	0	0	0	0	0	0	0	0	0	0	0	0	0	0	0	7.063633	14.9429
0	8.217777	0	0	0	0	0	0	0	0	0	0	0	0	0	0	3.595181	1.422551	82.21175
386.0905	799.085	0	0	0	0	0	0	0	0	0	0	0	0	1724.053	2064.818	1399.947	2.865295	125.5623
0	0	0	0	0	0	0	0	0	0	0	0	0	0	0	0	0	3.328951	128.4914
978.409	667.5888	720.7928	698.2201	710.5513	646.8436	788.3198	664.7538	666.2258	846.994	812.0459	772.3828	644.3682	672.9082	768.0298	791.4441	751.0005	3.853007	129.0531
0	0	0	0	0	0	0	0	0	0	0	0	0	0	0	0	0	4.661994	154.7885
724.4993	723.2841	723.2841	723.2841	405.0423	128.0222	771.941	379.058	713.2818	723.2841	723.2841	756.6569	756.7889	728.8638	731.8588	754.2862	739.7397	5.129485	99.98779
0	0	0	0	0	0	0	0	0	0	0	0	0	0	0	0	0	5.64326	95.19559
41.95078	0	0	164.1863	695.8	729.0361	756.47	730.1559	697.9698	156.9535	0	0	0	0	0	0	0	4.492236	97.68889
31.81854	0.8818562	652.5728	743.4019	534.4067	19.40084	0	0	0	0	0	209.2606	561.5999	504.5889	94.88019	262.3878	35.61377	8.040387	157.1801
636.7181	0	41.07727	170.0358	1196.903	381.2768	1286.162	1103.634	580.5275	1280.24	309.1754	0	0	0	0	0	0	5.375226	13.84729
423.7436	801.0266	245.916	0	0	0	0	0	0	0	652.0358	801.0266	801.0266	797.8224	770.5876	801.0266	801.0266	3.957331	86.32968
456.8282	0	0	0	0	9.612385	141.7827	0	0	0	0	0	0	0	0	154.8528	1289.222	2.803998	48.91196
0	0	0	0	0	0	0	0	0	0	0	0	0	0	0	0	0	4.878163	63.65504
132.1212	0	0	0	1242.941	2062.753	2064.818	2064.818	2052.422	1137.613	0	0	136.3045	330.9025	762.5481	737.2402	431.203	4.136451	115.7984
346.6656	560.9398	425.8181	0.4781852	0	0	0	0	0	11.47645	495.3904	592.0394	1433.048	1396.874	507.8635	1515.234	1324.191	7.131897	177.0425
795.169	646.6058	0	0	0	0	0	16.14937	771.2303	983.361	898.5285	198.8518	23.99602	42.25498	301.9043	1569.137	1544.041	6.206417	86.61359
438.314	729.8782	757.901	727.2685	723.2841	723.2841	723.2841	369.2304	0	0	0	0	0	0	60.75631	488.0304	701.4235	4.577389	23.46014
0	0	0	353.6026	1258.474	713.794	0	0	0	0	0	0	0	0	0	0	147.1514	1.824984	54.64939
0	0	19.12742	151.5847	135.3266	0	0	0	0	32.7943	261.6352	331.189	321.0983	222.714	3.243395	0	0	6.639555	56.88765
0	0	0	0	9.429873	382.3387	0	0	0	0	0	0	0	0	0	0	0	5.385678	132.1093
0	0	0	0	0	0	0	0	0	0	0	0	0	0	0	0	0	8.241328	82.02887
0	0	162.0879	1350.188	1167.183	194.1374	0	0	0	0	0	0	0	0	0	165.9719	0	7.471152	174.2654
1586.914	1586.914	1586.914	1586.914	1586.914	1586.914	1586.914	1586.914	1586.914	1586.914	1586.914	1586.914	1586.914	1586.914	1586.914	1586.914	1586.914	1.450887	125.4233
0	0	0	0	0	0	0	0	724.7511	1482.54	1441.243	747.4639	0	0	0	0	0	4.14461	146.8828
10.58421	0	112.2679	108.5048	0	0	0	0	0	0	0	2.709252	181.5203	46.05728	7.816628	451.0871	13.33608	5.452399	84.51694
0	0	0	0	0	0	0	0	0	0	0	0	0	0	0	0	0	5.413423	171.3652
667.8521	912.9206	682.8076	5.340261	0	0	0	0	0	298.9792	909.9727	768.1688	111.7723	7.163879	0	28.80759	388.6755	5.459216	130.3789
0	0	0	0	0	0	0	0	0	0	0	0	0	0	0	0	0	5.008292	44.3074
0	323.3098	245.1939	7.95618	0	0	0	0	0	2.093664	0	0	0	31.10144	0	0	40.5042	5.533114	147.6171
17.62269	0	0	0	0	0	0	0	0	0	228.2934	721.725	785.006	783.404	152.997	88.91459	0	5.534763	97.16704
8.572612	1019.933	0	0	14.57344	700.3789	834.9654	86.58342	0	0	0	0	0	0	0	0	1026.197	4.632263	82.89331
4.617207	0	0	0	0	0	0	0	0	0	0	0	124.6647	0	696.0417	1112.743	143.1335	2.808964	46.76332
15.22405	318.0082	0	165.1848	249.8132	0	0	0	0	0	373.4217	189.9556	34.77386	35.99306	42.71222	491.0297	676.8676	4.963566	107.7032
0	0	0	0	0	0	0	0	0	0	0	0	0	0	0	0	0	2.807018	163.3599
0	0	0	452.1953	881.6777	111.4999	0	0	0	0	0	0	0	0	0	0	0	3.054729	18.10223
193.5455	0	0	0	0	122.2359	2.893157	0	111.8955	369.1566	470.6193	1159.144	1400.105	785.8629	514.5166	263.4788	0	6.706819	116.5921
0	591.2935	0	0	0	0	0	0	0	0	0	0	0	0	604.1272	1166.244	1174.949	2.052578	17.73471
306.5284	0	0.9030842	727.2465	1928.581	1075.783	283.3144	162.3677	0	0	0	0	290.7071	523.1505	501.442	350.9887	0	7.162126	158.7251
0	0	0	0	0	0	0	0	0	0	0	0	0	0	0	0	0	7.743204	157.4524
881.8501	738.9927	500.8966	607.5991	879.2046	880.9683	749.5747	835.9946	509.0969	284.4497	432.1164	314.8081	137.6708	45.85651	85.00855	79.23073	227.5185	8.378144	18.81915
0	0	0	0	0	0	0	0	0	0	0	0	0	0	0	0	0	8.604393	120.4315
2.508777	0	0	0	0	0	0	0	0	0	0	1.881582	570.7321	555.773	165.8428	312.8999	67.72366	3.011288	158.4772
363.9759	0	0	0	0	0	0	16.53665	28.82195	122.8187	1014.879	1769.584	0	0	0	0	0	7.651361	67.84396
443.8937	997.3063	997.3066	1265.734	2040.041	1982.198	111.4732	0	0	144.8771	412.3431	177.4527	0	0	0	0	24.77774	4.331117	150.2197
296.8534	0	0	0	0	0	0	0	0	0	17.4472	293.811	1149.043	1051.604	970.2567	742.6611	626.2261	3.996269	134.1469
0	0	0	0	0	0	0	0	0	0	0	0	0	0	0	0	0	1.550763	138.9163
0	189.3167	0	0	0	0	0	0	0	0	0	0	31.45589	0	0	143.3188	270.6444	7.302003	141.2438
0	0	0	0	0	0	0	0	0	0	0	0	0	0	0	0	0	8.479445	32.43696
352.6198	0	0	0	0	0	0	0	0	0	77.20416	1134.535	992.2567	1135.361	833.4169	703.2402	353.0793	3.929832	155.4917
0	340.6689	475.2021	342.8388	9.402759	0	0	0	0	0	0	0	0	0	71.60565	0	13.7425	4.895111	166.9757
0	0	2.403094	305.9929	679.2707	719.322	634.4133	149.7929	0	0	0	0	0	154.599	0	0	0	3.864262	119.0878
91.72699	127.9945	0	0	564.0779	799.8186	245.1758	852.1102	857.2536	854.6819	234.8887	0	0	88.75283	1176.867	1501.062	1183.078	4.124576	76.52554
0	0	0	0	817.6683	441.8711	0	0	0	0	0	0	0	0	0	0	0	2.991303	25.96078
0	0	0	0	0	0	352.7352	1552.196	1734.844	1329.938	428.097	0	277.4423	0	0	0	0	6.642132	172.0086
0	0	0	0	0	0	0	0	0	0	0	0	0	0	0	0	0	4.942251	105.8671
0	0	0	0	0	0	0	0	0	0	0	0	0	0	0	0	0	8.746282	19.97231
998.1235	667.9504	1937.441	1645.435	501.0553	276.5784	483.3316	1539.561	2089.09	918.3832	0	0	0	650.8425	0	0	0	6.884059	136.9226
0	0	0	0	0	0	0	0	0	0	0	0	0	0	0	0	0	5.261044	171.2721
0	0	0	0	0	0	0	0	0	0	0	0	0	0	0	0	0	5.201572	38.31284
0	0	0	0	0	0	0	0	0	0	0	0	0	0	0	0	0	1.936711	9.92511
0	0	0	0	0	0	0	0	0	0	0	0	0	0	0	0	0	4.92931	86.50776
0	0	0	0	0	0	0	0	0	0	0	0	564.1512	1135.276	1107.225	487.2552	0	2.259467	74.96973
0	0	0	0	0	0	0	0	0	0	0	0	0	171.3799	1358.651	412.9635	0	3.476589	44.23859
1053.569	0	0	0	0	0	254.6384	759.4272	1034.993	523.912	209.5161	205.9038	500.3875	903.0795	400.8994	347.0297	0	6.322351	134.0411
1003.067	1204.207	1586.914	1586.914	1586.914	1586.914	1586.914	1586.914	1586.914	598.2668	0	0	0	0	1.029838	100.409	504.6232	0.2395654	74.65887
800.2723	682.3732	1586.914	1586.914	1586.914	1586.914	1480.453	234.1655	1.843698	0	0	0.5135839	2.56809	6.420083	0	0	0	1.400118	43.82532
386.1144	0	533.201	1055.38	1024.935	886.5925	897.248	1249.958	1878.326	959.8847	0	0	0	0	0	0	0	6.973129	105.721
1302.516	1255.471	1171.523	1154.298	1154.298	1155.74	1119.669	784.9225	983.4616	1154.298	1074.01	767.6081	894.5807	1154.298	1154.298	1154.298	1154.298	1.992774	84.40543
258.268	2.791553	0	0	0	0	0	0	0	0	600.7844	1564.933	351.1218	800.6956	904.0751	1041.772	407.1602	3.719564	154.346
0	1.283995	6.67701	0	0	0	0	0	0	0	0	182.4953	1001.343	1080.689	706.1769	7.842403	5.135984	1.26484	125.5289
0	0	0	0	0	0	0	0	0	0	0	0	0	0	0	0	0	3.577781	82.38239
1383.4	255.4279	0	0	0	0	0	582.1848	2064.818	1538.29	161.0555	2.064814	0	92.91666	617.3809	169.3151	487.8425	3.243969	163.3499
565.3723	1586.914	940.0882	213.6917	11.32822	0	0	0	0	0	58.70079	120.4907	609.7484	1569.458	1586.914	1586.914	1586.914	0.2694891	51.50571
19.05201	0	0	30.38024	465.489	695.0097	1038.258	609.848	22.21684	0	0	0	0	0	0	0	0	0.6339787	118.534
21.99653	876.6102	0	0	0	0	0	0	0	0	0	0	48.29668	470.8809	478.1816	119.5342	194.5172	7.489184	142.8179
902.7996	966.0411	1356.728	0	0	0	0	0	0	0	1497.405	835.8173	546.6245	456.8107	342.7191	442.7963	482.676	7.534313	3.124933
0	0	0	0	0	0	0	0	0	0	0	0	0	0	0	0	0	5.510258	163.6146
90.02764	0	0	0	273.5726	826.3763	698.2824	1058.933	813.8887	39.14445	0	0	245.3782	0	0	0	0	5.526647	111.1708
0	0	0	0	0	0	0	0	0	0	0	0	0	0	0	0	0	5.010541	65.30885
0	0	0	0	0	0	0	423.5768	895.3849	125.4961	0	0	0	0	0	0	0	2.693472	89.64401
235.5026	801.0266	794.6183	801.0266	801.0266	801.0266	173.8237	0	0	0	0	0	345.2431	0	4.806187	800.2255	801.0266	4.616721	148.5657
632.0921	449.1292	705.7579	698.2824	933.2026	526.9938	0	0	0	0	0	0	16.01653	310.494	305.2212	625.3021	455.7183	5.050839	124.0741
139.9452	0	0	0	0	94.96934	1755.185	1166.485	619.24	840.4916	1782.485	1066.479	1632.51	1601.652	641.0704	0	0	7.271421	60.55025
887.8987	2.06711	0	0	0	14.68154	40.69587	290.3493	42.97236	360.9608	1899.394	2152.732	63.7389	0	0	411.3218	1198.284	6.953716	168.9281
