0	0	0	0	0	0	0	0	0	0	0	0	0	0	0	0	0	3.70364	54.32683
144.4921	738.5095	590.9933	3.128249	0	0	0.9064205	26.2862	0	0	0	0.7385096	637.3315	738.5095	738.5095	292.5622	738.5095	3.467407	122.4922
289.5435	0	0	0	0	0	0	0	0	71.77419	955.5789	161.8656	2.753358	0	28.61539	400.9759	602.9239	2.439408	160.8845
494.082	738.5095	738.5095	803.6517	0	0	0	0	0	0	0	2.749259	9.121135	129.2393	678.689	738.5095	738.5095	4.522039	54.60141
815.8638	0	0	0	119.1628	948.6614	1144.274	1144.274	1144.274	987.3208	455.4149	344.422	0	0	0	0	0	1.541345	151.5432
0	267.6155	399.2563	0	0	0	0	0	0	0	0	0	0	65.82107	0	0	0	2.947433	74.995
0	0	0	0	0	0	0	0	0	0	0	0	0	0	0	0	0	4.014026	165.0837
26.84809	837.4933	77.94599	0	0	0	0	0	0	0	0	0	0	0	0	72.7496	790.7245	1.759471	89.83607
0	75.52139	0	0	0	0	0	0	0	0	0	0	13.73115	0	0	0	0	2.994597	25.29001
734.0911	586.5856	577.5163	414.2821	503.5928	278.9581	304.6516	669.4929	734.0911	734.0911	734.0911	734.0911	714.2712	541.7648	611.5014	673.3813	588.6934	5.111667	58.75986
738.5095	738.536	840.8639	806.0977	738.5095	738.5095	738.5095	738.5095	738.5095	738.5095	712.6611	230.4151	88.43182	98.87704	201.7175	621.084	738.5095	3.997512	2.415405
181.6273	0	242.9794	95.97318	3.855038	0	0	42.60298	852.24	286.5475	0	0	0	90.80859	0	0	0	2.024201	27.03322
0	0	0	0	0	0	0	0	0	0	0	0	0	0	0	0	0	3.383055	116.4186
324.2416	596.7419	475.858	248.1566	172.608	1.049292	62.45645	309.6167	92.20242	0	0	0	0	0	0	321.1002	526.4659	5.072886	30.68161
0	0	0	0	0	0	0	0	0	0	0	0	0	0	0	0	0	3.889279	149.4403
0	0	0	0	0	0	0	0	0	0	0	0	0	0	0	0	0	3.619432	55.87076
0	0	0	0	49.80699	21.49062	0	0	0	0	0	0	0	0	0	0	0	2.023303	147.5538
0	0	0	0	564.0074	717.1874	737.0325	268.3345	0	0	0	0	0	0	139.9466	0	0	3.042491	170.9718
268.9754	576.7078	0	0	0	0	0	0	0	0	0	538.6259	893.246	893.246	928.1385	1144.274	1118.236	0.5823174	177.4881
108.0769	560.8336	1221.936	1016.195	1176.743	990.4472	478.4813	9.968277	0	0	0	0	0	0	0	0	261.7975	3.863504	158.8085
0	0	0	0	0	0	0	0	0	0	0	0	207.5603	252.296	207.8596	134.7193	0	3.389026	155.1811
643.8005	734.0911	734.0911	734.0911	734.0911	734.0911	734.0911	734.0911	168.109	0	0	0	0	20.55481	588.0112	443.3966	734.0911	4.763015	105.7566
982.0216	29.78013	359.976	893.246	893.246	893.246	893.246	893.246	893.246	893.246	893.246	893.246	1109.631	1144.274	1144.274	1144.274	970.3426	1.354762	109.4882
0	0	0	0	0	0	0	0	0	0	0	82.89063	175.2006	52.86514	145.7465	262.6335	17.71678	3.678692	2.795964
84.64281	0	0	0	0	0	0	198.7074	5.244406	31.02575	29.68286	238.8746	109.4229	87.13517	472.6148	335.1393	0	5.488513	54.34949
0	0	0	0	0	0	0	0	0	0	0	0	0	0	0	0	0	1.117155	48.02914
0	0	0	0	0	0	0	0	0	0	0	0	0	0	0	0	0	1.217025	140.7952
0	0	0.9677256	386.603	467.407	409.3443	111.2886	0	0	0	0	0	0	0	0	0	0	1.245546	33.82626
0	0	0	0	0	0	110.2187	102.3446	79.15443	0	0	0	0	0	0	0	24.04511	2.458066	14.41396
0	0	0	0	0	0	0	0	0	0	0	0	0	0	0	0	0	3.366118	60.51187
519.6717	905.6951	633.7875	265.8834	223.4459	491.9246	866.0743	866.0743	298.7936	0	0	0	0	0	0	84.87452	866.94	1.812543	92.55145
0	0	0	0	0	0	0	0	0	0	0	0	0	0	0	0	0	1.387795	114.3934
0	0	0	0	0	0	0	0	0	0	0	0	0	0	0	0	0	3.338573	51.5578
328.6642	0	0	0	324.861	1.071244	0	0	0	5.347371	631.6975	454.1499	0	0	0	0	0	2.842236	144.7478
49.89351	0	142.3282	16.5466	0	0	71.6543	0	0	0	0	0	0	0	13.8462	0	0	2.736454	61.35019
17.16394	120.1477	1144.274	1096.214	359.2974	0	0	0	0	0	0	0	0	0	13.73115	164.7737	0	1.932677	86.81183
10.32295	0	0	0	0	0	0	0	0	0	0	0	0	0	0	45.83302	17.56143	4.248348	32.6351
0	0	0	0	0	0	0	0	0	0	0	0	0	0	0	0	0	1.05776	137.5567
0	0	0	0	0	0	0	0	0	0	0	0	0	0	0	0	0	3.844983	70.25008
0	164.0292	8.709531	0	0	0	0	0	0	0	0	0	0	0	0	0	72.57948	1.514202	76.11594
0	782.0637	740.4914	400.9885	0	0	0	0	0	0	0	0	0	0	0	55.42828	616.6407	1.846515	178.7907
0	0	0	0	0	0	0	0	0	0	0	0	0	0	0	0	0	4.089709	170.3678
0	0	0	0	0	0	0	0	0	0	0	0	0	0	0	0	0	2.934306	115.5693
0	0	0	0	0	0	0	0	0	0	0	212.5906	655.6416	743.1801	626.1644	97.36311	0	0.3484183	74.84219
0	0	0	0	0	0	0	0	0	0	0	0	0	0	0.8932386	0	0	3.154924	62.71567
1069.862	1080.194	704.868	789.5452	81.24271	0	133.986	262.6118	692.2648	893.246	893.246	893.246	893.246	955.5005	1031.813	770.2913	1127.11	2.323388	43.05292
76.89508	0	0	0	32.01835	2.214462	0	0	0	0	0	0	0	0	0	310.7899	75.29289	5.862762	76.17679
106.695	0	0	0	0	0	0	0	0	0	95.85406	104.6244	996.1987	350.3012	0	84.44061	15.21313	5.871659	77.21561
0	0	0	0	0	0	0	0	0	0	0	0	0	0	30.17471	338.3976	167.3615	2.507741	145.628
0	0	0	0	0	2.85647	52.75254	0	0	0	0	0	8.55079	0	0	0	0	1.979134	108.9723
0	0	0	0	0	0	0	0	0	0	0	0	0	0	0	0	0	3.21314	40.24402
639.159	0	0	0	0	630.5013	914.4518	759.1163	205.2584	64.955	83.14239	321.3111	858.2795	866.0743	359.4177	0	0	2.245742	160.0705
825.151	735.5554	913.0801	882.894	738.556	738.5095	738.5095	738.5095	738.5095	738.5095	738.7986	872.6251	863.758	915.2764	532.129	757.0905	445.5976	3.309639	135.2406
0	0	0	0	0	0	44.86779	415.1443	357.5858	94.72077	0	0	0	0	0	0	0	2.466636	90.11188
448.4001	963.2402	742.5007	313.1271	0	0	0	0	0	0	0	548.3951	748.3887	738.5095	738.5095	738.5095	762.8297	4.202248	46.95975
0	0	0	0	0	0	0	0	0	0	0	0	0	0	31.17843	476.3355	43.30335	2.036556	102.7304
0	202.5342	992.084	595.0164	1.144263	0	0	0	0	0	0	0	0	0	0	0	0	2.791899	101.0017
0	122.9013	0	0	0	0	0	0	0	0	0	0	77.90198	0.9677256	318.8632	474.6649	483.8581	0.7027899	145.8198
0	0	0	0	0	0	0	0	0	0	0	0	0	0	0	0	0	2.876632	60.04539
67.8717	130.7124	158.9452	3.907995	197.9606	125.4399	0	0	0	0	0	0	0	0	0	0	0	6.046934	63.12433
1074.222	998.1755	1109.882	928.5025	376.4612	447.4051	318.1041	5.721313	0	0	18.3082	8.009837	0	0	469.3958	1009.974	982.8627	1.148943	39.35347
844.7798	562.6964	1209.944	451.1991	70.82724	0.5246462	0	3.147877	119.619	511.2084	710.3949	565.805	170.8539	7.805473	5.602416	33.87147	273.2198	4.025851	86.6275
104.6914	440.5244	453.2145	453.2145	453.2145	453.2145	453.2145	235.2173	0	0	0	0	207.1337	0	0	0	49.39988	2.8885	170.1535
0	0	0	0	0	0	0	0	0	0	0	11.87652	0	0	0	0	0	1.869162	27.04645
163.9448	48.26748	520.9786	1137.509	937.8385	784.1344	952.6886	1094.087	511.0101	18.88726	0	0	0	364.5597	0	0	0	3.264181	112.6574
0	0	0	0	0	0	0	0	0	0	0	0	0	0	0	0	0	1.739269	73.31644
646.7368	734.0911	734.0911	467.6219	334.7497	304.6516	1.468201	0	0	0	5.138702	370.7206	402.287	605.6288	734.0911	734.0911	405.2234	5.064506	74.21148
404.672	840.6509	859.4343	45.0491	0	0	0	0	0	0	0	462.07	757.4943	918.1056	919.8152	870.6624	935.3945	3.332005	31.95001
18.12841	0	0	48.04025	445.963	450.9484	159.9834	0	0	0	16.15021	51.38702	0	0	0	0	0	4.135892	80.31741
338.7013	0	400.151	483.8581	483.8581	483.8581	483.8581	483.8581	303.3798	54.67652	14.03202	8.709531	0	0	213.3825	0	0	1.32268	144.3754
444.7975	960.7721	1119.924	1144.274	1144.274	1030.99	247.1602	18.3082	0	0	457.7034	1010.393	1011.537	962.7686	893.246	893.246	899.0195	1.77979	71.24426
388.491	0	0	0	0	0	0	0	1.071369	526.1002	15.99076	0	0	0	0	157.465	949.3335	2.243523	139.9099
0	445.5098	445.963	408.7993	142.7612	0	0	1.477019	377.3762	626.2537	655.0562	500.7048	91.69907	0	0	57.10443	377.9576	3.283895	122.3222
51.49184	0	0	0	0	0	0	0	0	746.0623	1141.986	1144.274	191.0916	0	0	0	0	1.489687	52.73819
0	122.7916	511.6342	580.2541	458.0626	0	10.33913	173.1635	0	0	0	0	0	0	0	0	0	5.200088	151.5243
35.69041	0	0	0	0	0	0	0	0	0	23.59341	16.57863	276.0544	0	52.30561	0	0	5.563683	39.87155
0	0	0	0	0	0	0	0	0	0	30.13936	80.54214	207.2207	0	81.56438	0	0	5.331111	64.27081
0	0	0	0	0	0	0	0	0	0	0	0	0	0	0	0	0	3.206595	78.57321
0	0	0	0	0	0	0	0	0	0	0	0	0	371.8842	942.8797	1026.413	340.9893	2.51049	74.6545
0	0	0	0	0	0	0	0	0	0	0	56.0689	758.6495	98.40667	49.20331	0	5.721313	2.30096	6.26944
0	0	0	0	0	0	0	0	0	0	0	0	0	0	0	0	0	1.445122	53.22693
75.52139	213.9768	0	0	0	0	0	0	0	0	0	472.5788	1141.986	1144.274	686.5594	0	0	1.674391	87.30496
0	0	0	0	647.6536	1004.671	884.5211	259.747	0	0	0	0	0	110.9936	0	0	0	2.291244	63.99304
12.55466	0	0	0	0	0	0	0	78.16037	912.7071	836.751	789.1769	793.4398	655.0562	59.0808	0	0	4.332016	45.04085
194.2281	269.6589	491.1686	453.5317	165.1726	0	0	0	0	0	4.509182	644.7372	738.5095	738.5095	738.5095	269.9898	0	4.37555	126.6719
243.3656	0	0	0	0	0	0	0	0	0	0	0	155.0261	270.2137	768.2062	866.0743	608.8459	2.408088	56.4642
550.7012	238.1883	304.8194	505.7635	569.2249	526.38	226.862	0	0	0	0	0	0	454.1129	1130.875	790.1503	425.7967	4.406142	18.3214
884.144	927.6363	544.8787	40.19573	0	0	19.65125	417.144	671.87	1144.274	1139.505	1027.546	893.246	893.246	893.246	893.999	967.048	0.85563	98.46222
0	0	0	0	0	0	0	0	0	0	0	0	0	0	0	0	0	2.315291	35.87656
746.688	7.145909	625.2711	893.246	893.246	893.246	996.418	1144.274	1144.274	1144.274	1139.697	193.3802	0	0	0	0	0	2.51353	151.9017
274.5439	0	0	0	0	0	0	703.2496	866.0743	820.1716	502.3173	364.614	1.732134	0	0	0	0	2.615483	143.7494
0	0	0	0	0	94.97388	140.7444	0	0	0	0	0	0	0	0	0	0	0.9198409	39.33295
0	0	0	0	0	0	0	0	0	0	0	0	0	0	0	0	0	1.817295	22.7728
607.097	0	0	0	2.936401	532.2219	734.0911	734.0911	734.0911	734.0911	734.0911	734.0911	734.0911	734.0911	662.8863	31.56631	0	4.732132	48.67374
0	0	0	0	0	0	0	0	0	0	0	0	0	0	0	0	0	3.311108	31.29675
42.19392	0	0	0	0	22.33519	12.97406	21.06055	344.545	0.8835162	0	0	0	0	0	26.84998	0	5.714719	80.26279
277.4899	0	0	0	0	0	8.809203	336.952	734.0911	734.0911	734.0911	734.0911	509.4656	0	0	0	0	4.883111	121.9261
369.2527	0	151.7333	738.5095	738.5095	738.5095	739.9315	743.0917	738.5095	738.5095	590.2758	0	0	0	0	0	0	3.201333	40.36707
466.4717	69.34107	376.1677	453.2145	453.2145	453.6131	458.6026	457.0521	453.3758	453.2145	453.2145	453.2145	453.2145	324.9542	59.37048	4.078893	9.064205	3.181166	88.72974
250.1556	0	3.625682	104.2382	72.06033	0	0	67.74084	330.4757	480.4711	483.8581	483.8581	483.8581	483.8581	483.8581	236.9011	0	1.850657	96.18774
