0.55084,0.02953,0.26724,0.76906,0.75
0.37164,0.22608,0.13581,0.875,1
0.27684,0.41171,0.083673,1,0.8
0.1236,0.048495,0.58802,0.80755,0.42857
0.10542,0.17917,0.36913,0.82666,0.88889
0.18777,0.26551,0.33561,0.83504,0.5
0.29646,0.29285,0.51906,0.72484,0.66667
0.46183,0.31493,0.06379,0.7418,0.66667
0.47226,0.54703,0.39787,0.69571,0.875
0.59734,0.25857,0.16311,0.80755,0.6
0.45405,0.26889,0.18994,0.76906,0.83333
0.52034,0.30551,0.12796,0.80755,0.83333
0.52973,0.27604,0.18298,0.71132,0.8
0.50399,0.44687,0.045619,0.69571,0.5
0.63268,0.30956,0.20738,0.80755,0.83333
0.53516,0.25196,0.21157,0.6151,0.8
0.42326,0.41335,0.048101,0.80952,0.75
0.73935,0.39795,0.66614,0.77286,0.375
0.36641,0.25952,0.68958,0.74702,0.5
1.0328,0.013634,0.13756,0.9375,1
0.50527,0.11456,0.074543,0.91667,1
0.28722,0.32048,0.25976,0.74702,0.5
0.38311,0.037345,0.41836,0.79675,0.4
0.096313,0.13379,0.40418,0.78091,0.71429
0,0.20071,0.23265,0.88889,1
0,0.18447,0.363,0.88889,1
0.43423,0.011961,0.54495,0.78091,0.71429
0.67131,0.081471,0.19738,0.85093,0.75
0.26504,0.213,0.029713,0.76906,1
0.4102,0.18759,0.074303,0.76906,1
0.092798,0.35428,0.00083076,0.65984,0.625
0.71915,0.11801,0.050782,0.90965,0.66667
0.18388,0.16683,0.24871,0.74937,0.55556
0.90137,0.093754,0.0043326,0.96429,0.75
0.50046,0.35549,0.42117,0.78914,0.8
0.45449,0.21849,0.1497,0.72415,0.7
0.96455,0.086224,0.012364,0.96429,0.75
0.82383,0.10169,0.14499,0.96429,0.875
0.29842,0.35693,0.2601,0.95,0.8
0.57572,0.32355,0.41083,0.95,0.8
0,0.098478,0.43969,0.64223,1
0.9765,0.20188,0.10429,0.78456,0.63636
0.9765,0.21089,0.14082,0.78456,0.5
0.97358,0.19334,0.1912,0.81179,0.6
0.35584,0.020672,0.37705,0.79588,0.77778
0.95323,0.14419,0.034652,0.78105,0.7
1.875,0.34284,0.43274,1,1
0.26079,0.1689,0.50023,0.8,1
0.15783,0.21809,0.26551,0.63658,0.75
0.66039,0.43262,0.2785,0.72783,0.88889
0.15783,0.22094,0.24167,0.63658,0.75
0.76705,0.038587,0.28547,0.66667,0.9
0.15783,0.21978,0.17705,0.58398,0.77778
0.61256,0.38436,0.1966,0.59175,0.66667
0.55441,0.054075,0.22455,0.75,0.75
0.56512,0.28152,0.15174,0.59175,1
0.36496,0.31626,0.1603,0.76906,0.85714
0.52351,0.18859,0.21999,0.59175,1
0.54693,0.27412,0.014517,0.71132,0.875
0.84376,0.30759,0.0041381,0.59175,0.66667
0.49081,0.35979,0.024251,0.83333,0.5
0.55699,0.069962,0.18887,0.75,0.83333
0.64723,0.16441,0.042435,0.66667,0.75
0.85355,0.21448,0.057812,0.66667,0.75
0.64218,0.17359,0.18072,0.66667,0.57143
0.78903,0.22954,0.034447,0.71716,0.875
0.72701,0.20507,0.30968,0.59175,0.71429
0.22988,0.25552,0.4249,0.64912,0.6
0.22988,0.22867,0.40158,0.59834,0.7
0.22988,0.23,0.42206,0.64912,0.7
0.2415,0.60055,0.23352,0.6138,0.66667
0.24994,0.054912,0.52389,0.875,0.83333
0.46658,0.46297,0.0058898,0.42265,0.5
0.38791,0.30831,0.13996,0.13397,0.6
0.54556,0.15503,0.097137,0.83333,0.8
0.42666,0.13444,0.26135,0.91667,0.66667
0.53191,0.13496,0.029255,0.91667,0.85714
0.12095,0.5034,0.54,0.7076,0.75
0,0.30689,0.31384,0.6138,0.33333
0.076095,0.099723,0.42524,0.71132,0.57143
0.70157,0.032395,0.39879,0.66667,0.57143
0.51988,0.1074,0.15837,0.7643,0.66667
0.32374,0.14097,0.21355,0.71716,0.71429
0.45545,0.11811,0.17695,0.7,0.625
0.57117,0.11677,0.67483,0.66667,0.6
0.089432,0.1854,0.73355,0.69381,1
0.39117,0.10112,0.67877,0.5,1
0.029026,0.082938,0.55809,0.33333,1
0.81539,0.13936,0.24576,0.69016,0.55556
0.98011,0.23064,0.099275,0.7215,0.63636
0.98011,0.22052,0.015986,0.64912,0.5
0.9761,0.11104,0.30052,0.4474,0.8
0.82426,0.17789,0.00015611,0.79344,0.55556
0.94428,0.16392,0.18524,0.4474,0.7
0.9761,0.085282,0.30537,0.5614,0.8
0.28061,0.058,0.47921,0.7418,0.5
0.58908,0.20714,0.17079,0.8367,0.66667
0.89884,0.12723,0.018129,0.85394,0.625
0.9761,0.098445,0.16719,0.5614,0.81818
0.64434,0.11513,0.19426,0.79588,0.66667
0.12848,0.20271,0.20955,0.75963,0.55556
0.11181,0.20692,0.25076,0.84287,0.55556
0.062249,0.21551,0.25329,0.84287,0.7
0.39255,0.21279,0.39034,0.84287,0.375
0.77548,0.19132,0.16125,0.7816,0.8
0.085443,0.13455,0.69621,0.5,0.57143
0.081426,0.18087,0.2339,0.7643,0.83333
0.94365,0.10798,0.20051,1,0.83333
0.95146,0.039116,0.54562,1,0.88889
0.085237,0.34722,0.26878,1,1
0.4971,0.24385,0.27468,0.8367,0.625
0.40508,0.33993,0.30086,0.58398,0.57143
0.33999,0.30852,0.071899,0.6734,0.33333
0.40142,0.31572,0.35789,0.6734,0.5
0.37011,0.28026,0.19246,0.58398,0.57143
0.48345,0.35356,0.26572,0.6734,0.33333
0.46608,0.35561,0.311,0.6734,0.33333
0.72045,0.18401,0.14921,0.47585,0.71429
0.085116,0.2228,0.27906,0.5286,0.8
0.64373,0.4105,0.095068,0.7643,0.77778
0.021455,0.19664,0.36102,0.44301,0.71429
0.0094402,0.19994,0.24387,0.55279,1
0,0.17262,0.9043,0.91667,0.4
0.2354,0.15326,0.45429,0.49394,0.5
0.026573,0.3466,0.081515,0.91667,0.85714
0.61894,0.16615,0.18323,0.096398,0.77778
0.46393,0.48023,0.098395,0.79588,0.77778
0.64063,0.4093,0.69063,0.8367,0.57143
0.73335,0.052164,0.65651,0.68502,0.71429
0.52443,0.1626,0.069073,0.8,0.66667
0.7486,0.025099,0.31001,0.60315,0.66667
0.88126,0.092793,0.62085,0.55558,0.625
0.12148,0.21008,0.38598,0.81144,0.77778
0.66652,0.10911,0.28744,0.73793,0.57143
0.85153,0.10821,0.42358,0.55558,0.625
0.83468,0.28032,0.25475,0.64181,0.8
1.429,0.06679,0.21697,0.71716,0.875
1.4525,0.1556,0.67062,1,0.71429
1.0159,0.19385,0.063712,0.44301,0.5
0,0.34661,0.51456,0.83333,0.5
0,0.24593,0.28014,0.7643,0.66667
0.1846,0.17514,0.22889,0.86667,0.57143
0.17235,0.24413,0.95636,0.47998,0.66667
0.6343,0.13287,0.87547,0.58398,0.625
0.39929,0.049627,0.47702,0.48885,0.5
0.42562,0.11164,0.65295,0.72484,0.8
0.67894,0.0041713,0.62819,0.096398,0.75
0.51753,0.20621,0.40415,0.79588,0.88889
0.70263,0.2381,0.21979,0.34481,0.66667
0.70109,0.16462,0.27826,0.46271,0.875
0.22721,0.16784,0.42705,0.34481,0.57143
0.57086,0.078686,0.44544,0.096398,0.57143
0.12937,0.21516,0.57977,0.85858,0.83333
0.37904,0.14956,0.32089,0.75,0.5
0.34845,0.2145,0.49614,0.75,0.8
1.1827,0.079359,0.0044541,1,0.85714
0.65777,0.078802,0.099502,0.91667,0.77778
0.63294,0.037021,0.15274,0.91667,0.88889
0.24934,0.12527,0.23814,0.93333,0.9
0.0073016,0.072969,0.83976,0.64645,1
0,0.30018,0.26934,0.91667,0.875
0.29749,0.3002,0.035614,0.58398,0.85714
0.28874,0.21899,0.16244,0.85858,0.66667
0.088659,0.17617,0.21074,0.8367,0.83333
0.96668,0.11827,0.10944,0.75,0.71429
0.27339,0.28066,0.028325,0.62202,0.875
0.17617,0.34451,0.07256,0.80755,0.71429
0.23146,0.27263,0.081132,0.52378,0.66667
0,0.077946,0.50714,0.79588,0.83333
0.27619,0.91146,0.4129,1,0.42857
0.18007,1.1226,0.32029,1,0.85714
0.47551,0.10656,0.396,0.66981,0.42857
0.62727,0.080442,0.28968,0.66981,0.42857
0.56076,0.39293,0.039087,0.65332,0.5
0.31841,0.36645,0.055436,0.65332,0.5
0.50674,0.040323,0.55784,0.76906,0.85714
0.20901,0.21569,0.28454,0.75,0.5
0.20286,0.40932,0.20462,0.83504,0.625
0.31177,0.25174,0.41997,0.69381,0.875
0.40815,0.091732,0.27836,0.80755,0.77778
0,0.24765,0.9053,0.71132,0.71429
0.34685,0.36989,0.33922,0.58398,0.625
0.35488,0.39362,0.095865,0.75,0.72727
0.74193,0.28252,0.51616,0.66981,0.5
0.39866,0.36225,0.3329,0.66981,0.5
0.0312,0.26836,0.21965,0.76792,0.66667
0.52414,0.3302,0.44618,0.5286,0.42857
0.74422,0.21521,0.074058,0.83333,0.5
0.59593,0.34526,0.19395,0.83976,0.5
0.78689,0.14084,0.032819,0.65497,0.875
0.22928,0.10272,0.52642,0.65497,0.75
0.02745,0.1222,0.56026,0.65497,0.66667
0.23956,0.19371,0.15995,0.58398,0.625
0.59933,0.17309,0.22019,0.8367,0.66667
0.31817,0.2099,0.32617,0.66981,0.625
0.69238,0.12825,0.21141,0.8367,0.66667
0.62456,0.24162,0.35182,0.66981,0.42857
0.56866,0.36168,0.039378,0.73648,0.75
0.21822,0.19559,0.40908,0.58398,0.57143
0.27457,0.20785,0.41603,0.58398,0.75
0.47579,0.34885,0.064476,0.71155,0.5
0.60471,0.038448,0.76811,0.69571,0.83333
0.44937,0.31462,0.013731,0.71155,0.33333
0.72606,0.10606,0.096155,0.89459,0.6
0.62627,0.061103,0.34557,0.66118,0.6
0.20805,0.11214,0.32273,0.82289,0.6
0.73706,0.16811,0.062462,0.67147,0.5
0.6865,0.14896,0.36283,0.67147,0.72727
0.70086,0.087763,0.113,0.75233,0.6
0.48806,0.17115,0.51547,0.72484,0.55556
0.17029,0.068509,0.59944,0.8,0.83333
0.81568,0.055078,0.18678,0.75963,0.6
0.64237,0.28518,0.14498,0.75963,0.8
0.4712,0.049907,0.40782,0.58398,0.71429
0.095594,0.33343,0.37866,0.60315,0.625
0.87728,0.17558,0.34575,0.73862,0.75
0.86348,0.25477,0.42966,0.80053,0.625
0.44715,0.031579,0.47897,0.77166,0.625
0.75463,0.093233,0.24426,0.68502,0.75
0.74828,0.23211,0.2221,0.45567,0.57143
0.87188,0.11049,0.272,0.68502,0.75
0.6593,0.33627,0.25879,0.60315,0.71429
0.69475,0.30867,0.36881,0.72484,0.57143
0.33433,0.43466,0.18939,0.56321,0.71429
0.27128,0.4055,0.39769,0.65332,0.875
0.065896,0.096737,0.67465,0.58398,0.88889
0.94438,0.051512,0.1444,0.66981,0.55556
0.77067,0.25375,0.15098,0.72484,0.375
0.65548,0.081326,0.70768,0.75963,0.72727
0.76416,0.21608,0.67186,0.64181,0.44444
0.77067,0.27695,0.12017,0.79001,0.25
0.77202,0.28958,0.12351,0.79001,0.25
0.43929,0.38855,0.0011028,0.69715,0.8
0.4365,0.40962,0.077896,0.69715,0.81818
0.67082,0.32894,0.12212,0.80755,0.375
0.77067,0.24706,0.12857,0.72484,0.375
0.32155,0.089496,0.35166,0.75963,0.77778
0.65987,0.27275,0.19763,0.83333,0.5
0.5628,0.54988,0.012607,0.92857,0.5
0.68342,0.22044,0.031737,0.88215,0.77778
0.41338,0.065919,0.34365,0.42764,0.75
0.64524,0.14871,0.076457,0.33333,1
0.65801,0.28479,0.20377,0.52378,0.875
0.73009,0.099426,0.084858,0.90378,0.5
0.57255,0.092241,0.14382,0.8367,0.75
0.61608,0.083627,0.14039,0.85858,0.75
0.68905,0.11465,0.052406,0.90378,0.625
0.81806,0.071795,0.12207,0.90378,0.5
0.75389,0.34102,0.0074802,0.86392,0.77778
0.63465,0.1907,0.019809,0.85858,1
0.59378,0.064055,0.18081,0.68502,0.75
0.43963,0.62203,0.22535,0.61843,0.625
0.33695,0.12668,0.1211,0.9,1
0.53077,0.30574,0.44587,0.8367,0.42857
0.46592,0.22746,0.45965,0.4,0.625
0.3627,0.068911,0.51904,0.25,0.625
0.26523,0.083417,0.50709,0.25,0.5
0.30513,0.08686,0.48791,0.25,0.42857
0.050759,0.19573,0.4192,0.33333,1
0.10584,0.34563,0.31828,0.6151,0.88889
0.43828,0.35796,0.122,0.29289,0.83333
0.78394,0.028113,0.13958,0.75,1
0.49438,0.054348,0.21318,0.66667,1
0.86928,0.064601,0.41936,0.66667,0.75
0.44032,0.26218,0.0032406,0.64645,0.66667
0.54288,0.14656,0.58563,0.71382,0.625
0.41584,0.29506,0.0035019,0.5,0.66667
0.72661,0.12209,0.32386,0.77896,0.625
0.19281,0.20954,0.48303,0.65188,0.57143
0.64671,0.22229,0.031047,0.81101,0.75
0.9034,0.16949,0.026366,0.81829,0.5
0.70779,0.20491,0.048991,0.81101,0.57143
0.1937,0.2793,0.10917,0.6217,0.42857
0.49661,0.19287,0.038149,0.58398,0.71429
0.65595,0.18022,0.44548,0.61685,0.625
0.72623,0.11117,0.44453,0.61685,0.77778
0.38335,0.031997,0.51359,0.29289,0.6
0.25971,0.20094,0.54318,0.47998,0.6
0.027694,0.39227,0.20619,0.79588,1
0.62385,0.085186,0.60806,0.75671,0.75
0,0.16597,0.3473,0.68377,0.75
0.38201,0.13589,0.29308,0.7076,0.55556
0.56003,0.11245,0.097702,0.7076,0.8
0.15644,0.41779,0.16068,0.82456,0.77778
0.57039,0.049671,0.76947,0.33333,1
0.95939,0.021544,0.17499,0.91667,0.75
0.63304,0.1185,0.14454,0.77639,0.85714
0.61208,0.13347,0.065474,0.82111,0.88889
0.60912,0.1833,0.078397,0.43431,0.57143
0.84177,0.14812,0.099828,0.6036,0.42857
0.31655,0.19984,0.57488,0.36378,0.88889
0.63228,0.1636,0.12546,0.37397,0.42857
0.89332,0.096409,0.1878,0.8,0.85714
0.45174,0.046098,0.62973,0.6316,0.77778
0.49549,0.1507,0.37388,0.32728,0.57143
0.37181,0.0087547,0.85532,0.7076,0.77778
0.30829,0.044776,0.53336,0.12945,0.7
0.30898,0.11073,0.88261,0.55417,0.55556
0.45288,0.034191,0.56909,0.12945,0.66667
0.052092,0.41484,0.58108,0.8,0.85714
0.0084509,0.4373,0.57107,0.8,0.57143
0.97957,0.31974,0.42352,0.72484,0.33333
0.029672,0.22615,0.22763,0.47585,1
0.0013408,0.099894,0.64122,0.72484,0.71429
0.70979,0.030111,0.52726,0.79588,1
0.25919,0.20565,0.26561,0.6138,0.75
0.080716,0.17305,0.60487,0.66981,0.85714
0,0.51572,0.32883,0.8,0.8
0.54806,0.047456,0.29593,0.21746,1
0.8586,0.014202,0.22053,0.43431,0.88889
0.39022,0.37596,0.36321,0.44301,0.57143
0.39234,0.03336,0.45147,0.43431,0.875
0.13537,0.1493,0.22888,0.94444,0.83333
0.22327,0.009522,0.41873,1,0.8
0.81417,0.069704,0.1723,0.8,0.83333
0.49304,0.37948,0.14097,0.84287,0.66667
0.31825,0.32823,0.060886,0.71132,0.71429
0.20557,0.36862,0.11451,0.83333,0.57143
0.21386,0.36856,0.0061459,0.71132,0.75
0.57713,0.27546,0.17785,0.76906,0.75
0.17029,0.27307,0.094434,0.8367,0.75
0.31056,0.36455,0.0020706,0.71132,0.77778
0.17029,0.38259,0.063016,0.71132,0.75
0.14251,0.25132,0.073933,0.79588,0.71429
0.20793,0.64007,0.32093,0.80755,0.66667
0.15402,0.40918,0.10318,0.63658,0.625
0.2079,0.42578,0.027455,0.69715,0.33333
0.11797,0.39763,0.027347,0.54572,0.33333
0.21016,0.66037,0.18083,0.84287,0.66667
0.24562,0.44548,0.0029204,0.69715,0.33333
0.1354,0.18403,0.34026,1,0.85714
0.34878,0.43836,0.05304,0.63658,0.625
0.12925,0.39404,0.002846,0.69715,0.33333
0.3318,0.36927,0.28397,0.54572,0.875
0.8945,0.29467,0.030682,0.91667,0.5
0.91046,0.29336,0.080422,0.91667,0.6
0.46827,0.10404,0.29206,0.5,0.71429
0.4745,0.1187,0.42315,0.4,0.75
0.97809,0.12203,0.072026,0.54227,0.63636
0.96494,0.17558,0.041354,0.36378,0.6
0.72623,0.060805,0.23032,0.6036,0.7
0.84508,0.19967,0.16293,0.51726,0.77778
0.66698,0.11185,0.37688,0.67817,0.25
0.73533,0.080673,0.19549,0.6138,0.66667
0.64855,0.072568,0.25819,0.67817,0.81818
0.65206,0.071348,0.17463,0.67817,0.7
0.64157,0.49527,0.41436,0.83333,0.5
0.39945,0.010903,0.40617,0.62202,0.57143
0.01329,0.042028,0.74814,0.75,0.75
0.41174,0.13977,0.34527,0.83333,1
9.8441e-05,0.018661,0.73152,0.8,0.75
0.36261,0.0002304,0.46035,0.8,0.8
0.47433,0.23499,0.023701,0.30664,0.85714
0.83105,0.21696,0.10743,0.71132,0.66667
0.27228,0.15928,0.1145,0.74702,0.875
0.91503,0.18783,0.090823,0.74702,0.875
0.67351,0.17268,0.036376,0.74702,0.83333
0.00043667,0.35119,0.4114,0.76906,0.83333
0.17268,0.24937,0.059151,0.8158,0.875
0.59439,0.31223,0.38726,0.73793,0.83333
0.38371,0.11427,0.18574,0.5286,0.875
0.77402,0.082978,0.3192,0.88453,0.66667
0.57514,0.026135,0.32655,0.77778,0.8
0.58414,0.1764,0.17242,0.5286,1
0.86265,0.10543,0.018391,0.66667,0.85714
1.03,0.13091,0.027049,0.66667,0.83333
0.081344,0.11546,0.62424,0.70186,0.5
0.01824,0.072672,0.57831,0.70186,0.5
0.69579,0.070318,0.20679,0.77639,0.625
0.68384,0.080563,0.19543,0.63485,0.625
0.15625,0.036921,0.48041,0.67817,0.90909
0.049072,0.011662,0.53507,0.75,1
0.32296,0.08974,0.3611,0.66667,1
0.19943,0.19623,0.15454,0.72783,0.6
0.80364,0.057458,0.25376,0.63485,0.85714
0.88817,0.10541,0.11749,0.68377,0.625
1.0919,0.19675,0.14298,0.45567,0.75
0.91669,0.067325,0.086502,0.78918,0.81818
0.55689,0.10024,0.14946,1,1
0.43137,0.19195,0.32525,0.30664,0.71429
0.62369,0.089265,0.4129,0.52378,0.625
0.39109,0.17494,0.33749,0.30664,0.71429
0.00014163,0.31978,0.23158,0.25,0.83333
0.00060881,0.36278,0.33136,0.25,0.85714
0.12301,0.36164,0.24017,0.34481,0.66667
0.39607,0.36428,0.27366,0.47998,0.85714
0.026735,0.34906,0.2254,0.34481,0.85714
0,0.31675,0.26723,0.25,0.8
0,0.37023,0.3158,0.30376,0.85714
0,0.29734,0.35391,0.56699,1
0.63345,0.3595,0.31595,0.47998,1
0,0.35051,0.30014,0.30376,0.85714
0.38358,0.19375,0.071196,0.7643,0.8
0.37541,0.026515,0.38496,0.82111,0.55556
0.24242,0.23248,0.62555,0.49394,0.44444
0.94698,0.051165,0.22156,0.6127,0.57143
0.11969,0.3114,0.14284,0.93333,0.875
0.59255,0.12386,0.20606,0.73274,0.875
0.59255,0.15523,0.17881,0.80755,0.57143
0.038197,0.34177,0.13588,1,1
0.27342,0.42198,0.16819,1,1
0.25451,0.52262,0.0096544,1,1
0.0012176,0.42079,0.27568,1,1
0.22302,0.43216,0.47937,1,1
0.012992,0.28173,0.23144,1,1
0.47515,0.36127,0.015323,1,1
0.0018571,0.35341,0.17875,1,1
0,0.3416,0.38768,1,1
0.028438,0.45918,0.30956,1,1
0.70811,0.021662,0.20584,0.88336,0.66667
0.3639,0.19197,0.11023,0.93333,0.71429
0.44362,0.035349,0.32526,0.8,0.625
0.38352,0.013992,0.53521,1,0.85714
0.34635,0.12905,0.22578,0.85566,0.9
0.056356,0.24195,0.60878,0.76792,0.75
0.1221,0.40781,0.079918,0.83333,0.85714
0.093046,0.015964,0.63902,0.92,0.6
0.3127,0.24003,0.026177,0.88889,0.66667
0.23961,0.15975,0.19805,0.69016,1
0.45073,0.18256,0.46844,0.71716,0.5
0,0.24952,0.63549,0.6127,0
0.056019,0.34058,0.48012,0.8,0.6
0.66503,0.087181,0.18677,0.84287,0.7
0.077869,0.15793,0.39058,0.55279,0.83333
0.22908,0.12359,0.34559,0.4474,0.875
0.72988,0.10377,0.5019,0.30376,0.71429
0.28866,0.10117,0.41484,0.55792,0.875
0.20777,0.077572,0.70984,0.62202,0.83333
0.49887,0.24142,0.070819,0.68502,0.42857
0.73703,0.22065,0.063765,0.68502,0.5
0.45256,0.26677,0.014243,0.83333,0.57143
0.29989,0.24365,0.061802,0.68502,0.625
0.58748,0.12207,0.29649,0.66981,0.625
0.67908,0.21865,0.1024,0.68502,0.33333
0.82764,0.22955,0.10182,0.68502,0.42857
0.44827,0.25975,0.11765,0.83333,0.625
0.55503,0.40736,0.68911,0.86392,0.57143
0.30464,0.34491,0.20234,0.86392,0.625
0.49399,0.18736,0.083692,0.56733,0.57143
0.46535,0.20701,0.088372,0.62202,0.57143
0.45112,0.22197,0.08721,0.62202,0.71429
0.37861,0.23074,0.032495,0.62202,0.71429
0.53383,0.18179,0.11743,0.7,0.88889
0.73755,0.10429,0.09609,0.8,1
0.54933,0.027155,0.51147,0.86667,0.8
0,0.081918,0.65,0.64645,0.8
0.68023,0.31473,0.30639,1,1
0,0.17115,0.32727,1,1
0.04873,0.18467,0.30757,1,0.75
0.18469,0.23951,0.23646,1,0.8
0,0.50539,0.94463,0.92857,0.5
0.92269,0.047513,0.077601,0.86392,0.81818
0.17664,0.084814,0.4865,0.83333,0.5
0.028862,0.072757,0.47772,0.91667,0.875
0,0.14274,0.49705,0.64645,0.66667
0,0.13383,0.48317,0.9,0.6
0.94089,0.053479,0.098207,0.64645,0.83333
0.47582,0.17087,0.67248,0.52378,0.66667
0.67359,0.12929,0.19226,0.9,0.57143
0.70721,0.14302,0.52455,0.71132,1
0.50029,0.15201,0.18403,0.9,0.5
0.40677,0.17105,0.097754,0.75,0.66667
0.49223,0.16101,0.12484,0.75,0.85714
0.57735,0.14529,0.16149,0.875,0.5
0.61747,0.14334,0.092098,0.75,0.75
0.49567,0.14715,0.19186,0.9,0.5
0.79943,0.11085,0.14409,0.9,0.57143
0.474,0.11666,0.11668,0.64645,0.88889
0,0.13324,0.54445,0.21746,0.66667
0.041721,0.16391,0.92222,0.8367,0.85714
0.33799,0.44089,0.19083,0.875,0.8
0.34627,0.48197,0.34408,0.875,0.83333
0.46166,0.77151,0.46905,1,0.66667
0.45391,0.51722,0.12437,0.875,0.83333
0.82603,0.47267,0.073802,0.64645,1
0.32608,0.41272,0.15856,0.64645,0.85714
0.42362,0.67558,0.017323,0.71716,0.75
0.32608,0.40476,0.088637,0.64645,0.83333
0.32608,0.72437,0.10144,0.71716,0.85714
0.77085,0.72325,0.80398,1,0.83333
0.026136,0.17651,0.56159,0.71132,0.6
0.034211,0.23395,0.24174,0.72783,0.83333
0.88996,0.067078,0.17956,0.71716,0.375
0.87169,0.057772,0.18226,0.71716,0.375
0.9112,0.046577,0.18721,0.71716,0.42857
0.50307,0.087674,0.45559,0.79588,0.85714
0.1354,0.10998,0.62114,0.66667,1
0,0.04345,0.80407,0.30664,0.71429
0.0038751,0.053616,0.54917,0.8,0.875
0.4975,0.15467,0.098271,0.875,0.85714
0.15412,0.22507,0.13742,0.66667,0.83333
0.65143,0.23379,0.018897,0.875,0.85714
0.07443,0.35088,0.27114,0.75,0.6
0.17735,0.21056,0.50856,0.6151,0.6
0.84912,0.37622,0.0244,1,0.8
0.785,0.27015,0.34323,0.8,0.75
0.056309,0.32735,0.35226,0.75,1
0.76737,0.057348,0.218,0.76046,0.55556
0.80772,0.086003,0.095058,0.64912,0.71429
0.31083,0.10558,0.29808,0.6217,0.77778
0.27917,0.20984,0.099728,0.76792,0.77778
0.33819,0.18467,0.32117,0.5614,1
0.54536,0.16885,0.083849,0.75,1
0.19644,0.16892,0.84324,1,0.85714
0.43919,0.40875,0.096401,0.85093,0.71429
0.34659,0.45181,0.081947,0.82111,0.85714
0.45306,0.20286,0.16758,0.7643,0.85714
0.38853,0.33615,0.73685,0.71716,0.6
0.56737,0.0071721,0.24348,0.9,0.8
0.39205,0.30913,0.68947,0.9375,0.6
0.53629,0.19773,0.64807,0.64645,0.71429
0.50271,0.24903,0.20951,0.64645,1
0.53607,0.25744,0.18799,0.8125,1
0.55509,0.14306,0.22735,0.4,0.83333
0.55205,0.059752,0.28703,0.52378,0.66667
0.55509,0.15134,0.046623,0.64912,0.875
0.54239,0.13318,0.30158,0.7643,0.66667
0,0.071413,0.78205,0.88889,0.57143
0,0.14427,0.77826,0.78091,0.85714
0.069067,0.029025,0.47846,0.8069,0.85714
0.7931,0.0027438,0.70247,0.71514,0.75
0.24143,0.0045853,0.68509,0.85093,1
0.16338,0.17306,0.74748,0.64912,0.85714
0.15174,0.20549,0.23478,0.60315,0.71429
0.5289,0.50199,0.83116,0.85858,0.875
0.14109,0.36759,0.80949,0.9,1
0.22679,0.36613,0.60648,0.64645,0.85714
0.13528,0.12063,0.57442,0.29289,1
0.83708,0.493,0.021672,0.80755,0.71429
0,0.14504,0.46005,0.65573,0.57143
0.17054,0.3747,0.10894,0.64645,0.5
0.54915,0.23499,0.26896,0.875,0.83333
0.54558,0.27472,0.26173,0.9375,0.8
0.54915,0.12143,0.22555,0.40372,1
0.54915,0.19832,0.25503,0.6,1
0.11886,0.33327,0.55151,0.73223,0.5
0.33022,0.32451,0.25261,0.66528,0.8
0.061643,0.35765,0.38675,0.55371,0.16667
0.094139,0.34129,0.24259,0.78747,0.66667
0.1044,0.25627,0.38775,0.71382,0.75
0.094139,0.36389,0.46551,0.66528,0.42857
0.90681,0.12503,0.59163,0.94444,0.5
0.014454,0.28162,0.68092,0.57828,0.72727
0.00060937,0.1163,0.70136,0.49394,0.75
0.34582,0.096641,0.20874,0.74702,0.83333
0.77683,0.32937,0.58064,0.9,0.8
0.53669,0.2109,0.25169,0.86531,0.875
0.38839,0.075614,0.54444,0.5286,1
0.5374,0.11397,0.47172,0.71716,1
0.53743,0.047396,0.50811,0.64645,0.83333
0.51796,0.099172,0.17615,0.82111,1
0.27004,0.11492,0.38861,0.76906,0.85714
0.36593,0.10255,0.20617,0.79344,0.75
0.38953,0.064264,0.33164,0.7643,0.4
0.59365,0.14524,0.53804,0.7076,0.66667
0.68103,0.12266,0.020053,0.91667,0.8
0.34949,0.049048,0.37797,0.78918,0.71429
0.49474,0.17318,0.41944,0.7643,0.875
0.53033,0.11512,0.87997,0.875,0.85714
0.53033,0.026227,0.3348,0.57836,0.83333
0.5301,0.10456,0.83628,0.875,0.85714
0.53033,0.014995,0.78995,0.36754,1
0.30454,0.23634,0.031969,0.78918,0.85714
0.27959,0.21683,0.083235,0.79797,0.66667
0.30083,0.22244,0.052487,0.78918,0.66667
0.53268,0.043931,0.77824,0.62202,0.83333
0.050341,0.43753,0.25701,0.6,0.875
0.050769,0.41961,0.22993,0.6,0.66667
0.07591,0.22544,0.74114,0.34481,0.875
0.24973,0.15357,0.45634,0.6734,0.85714
0.85398,0.14482,0.11136,0.42265,1
0.098009,0.27816,0.25055,0.80755,0.66667
0.14087,0.37467,0.52325,0.82504,0.625
0.48035,0.096172,0.23869,0.42265,0.66667
0.087635,0.35252,0.51421,0.85093,0.66667
0.85196,0.059874,0.5826,0.66667,0.71429
0.52181,0.1097,0.44818,0.66667,0.57143
0.13458,0.19434,0.19785,0.77686,0.55556
0.13882,0.1811,0.75059,0.77686,0.7
0.20415,0.078746,0.95876,0.69348,0.55556
0.81716,0.1596,0.1739,0.69348,0.44444
0.13317,0.17597,0.19575,0.77639,0.875
0.82528,0.031909,0.18742,0.79588,0.8
0.26596,0.084972,0.37536,0.5286,1
0.06376,0.18528,0.54056,0.38763,0.66667
0.5195,0.11235,0.26607,0.75657,0.875
0.4443,0.12654,0.29113,0.79588,1
0.53217,0.16096,0.33615,0.79588,0.88889
0.8093,0.18361,0.29808,0.69589,0.375
0.8093,0.09801,0.20325,0.26319,0.625
0.97726,0.033515,0.47915,0.56699,0.85714
0.65057,0.029181,0.21044,0.66667,0.75
0.42081,0.14918,0.47365,0.75,0.875
0.56533,0.17075,0.55614,0.83333,0.85714
0.69649,0.21275,0.39028,0.5286,0.85714
0.54091,0.22832,0.57102,0.33333,0.57143
0.52739,0.24062,0.45416,0.33333,0.5
0.47334,0.057957,0.28889,0.77778,0.875
0.48283,0.14472,0.3067,0.83333,0.875
0.055549,0.32944,0.15699,0.42265,0.66667
0.098038,0.28959,0.3821,0.29289,1
0.058419,0.28994,0.15495,0.59175,0.83333
0.055549,0.26982,0.19106,0.29289,1
0.055549,0.38022,0.10279,0.6151,0.57143
0.055549,0.33033,0.124,0.42265,0.66667
0.055549,0.28885,0.11649,0.59175,0.66667
0.80148,0.097785,0.046447,0.82111,0.66667
0.41971,0.059667,0.29635,0.55792,0.66667
0.38281,0.025121,0.34702,0.8069,0.85714
0.8253,0.044756,0.25476,0.59175,0.66667
0.74508,0.09005,0.048219,0.85566,0.8
0.57555,0.090732,0.4338,0.8367,0.63636
0.89346,0.10222,0.14588,0.5614,0.375
0.34765,0.17613,0.836,0.8,0.5
0.5721,0.16866,0.06051,0.4152,0.88889
0.34758,0.18576,0.34846,0.8,0.75
0.07635,0.26449,0.31991,0.71132,0.75
0.23847,0.34018,0.012208,0.5286,0.57143
0.60601,0.014248,0.49225,0.875,0.66667
0.66802,0.18722,0.15212,0.5614,0.625
0.11118,0.10882,0.35038,0.71132,1
0.26562,0.085294,0.30913,0.79588,0.75
0.18164,0.2122,0.1968,0.76906,0.875
0.70592,0.12243,0.06147,0.55279,0.75
0.31895,0.077543,0.47226,0.30376,0.71429
1.1815,0.11435,0.57483,0.75,0.875
1.4747,0.054704,0.22621,0.93333,0.8
0.85788,0.0043252,0.14189,1,1
1.3624,0.059816,0.16567,0.8,0.85714
0.85506,0.005687,0.17127,1,1
0.31783,0.31094,0.17669,0.30376,0.4
0.82832,0.11845,0.069241,0.91667,0.5
0.51819,0.15597,0.091208,0.9,0.85714
0.68515,0.13783,0.09552,0.91667,0.71429
0.35326,0.18031,0.055677,0.8,0.8
0.38348,0.1752,0.049945,0.8,0.83333
0.35876,0.40097,0.0048532,0.30376,0.5
0.3737,0.19378,0.06819,0.91667,0.85714
0,0.11996,0.47699,0.8367,0.4
0.42801,0.18006,0.14824,0.66667,0.66667
0.54636,0.029958,0.29661,0.72783,0.66667
0.54696,0.076129,0.26561,0.72783,0.66667
0.85034,0.070689,0.45679,0.75,0.83333
0.55063,0.12299,0.48384,0.75,0.66667
0.17858,0.18145,0.4547,0.9,0.6
0.72741,0.14778,0.25539,0.44301,0.77778
0.71455,0.21125,0.14671,0.85394,0.75
0.37155,0.028178,0.44048,0.4474,0.75
0.5218,0.074024,0.19913,1,1
0.57717,0.10014,0.23839,0.8367,0.71429
0.82849,0.044958,0.091873,0.91667,0.8
0.25122,0.2021,0.23134,0.86392,1
0.32593,0.14409,0.1191,0.86392,0.71429
0.33861,0.20915,0.25155,0.75,0.83333
0.2716,0.0076549,0.44524,0.8367,0.85714
0.43896,0.21145,0.21592,0.75,0.66667
0.24834,0.17394,0.27725,0.86392,0.71429
0.03147,0.27249,0.07236,1,1
0.12927,0.42241,0.28058,1,1
0.68409,0.091619,0.15947,0.64223,0.85714
0.2282,0.046817,0.50104,0.80755,0.77778
0.017413,0.17045,0.35867,0.69763,0.625
0.44789,0.15391,0.082343,0.80755,0.77778
1.1504,0.1618,0.13209,0.95,0.6
0.74042,0.20306,0.26673,0.80755,0.5
0.25708,0.037822,0.41507,0.95833,1
0.42369,0.17522,0.13645,0.83504,0.625
0.82878,0.2066,0.74183,0.83504,0.8
0.09221,0.14476,0.29216,0.83504,0.77778
0.37007,0.15434,0.21601,0.83504,0.66667
0.64395,0.056061,0.41719,0.95833,0.83333
0.35448,0.024865,0.94021,0.85714,0.55556
0.17497,0.2587,0.32739,0.83333,1
0.76747,0.20248,0.27374,1,1
0.5907,0.15469,0.12325,0.69763,1
0.014113,0.30455,0.15633,1,1
0,0.32261,0.028681,1,1
0,0.37855,0.1932,1,1
0.016425,0.042798,0.51352,1,1
0,0.24856,0.12708,1,1
0.087784,0.13524,0.55344,1,1
0.12763,0.10287,0.48442,1,1
0.63412,0.052853,0.12319,0.875,0.85714
0.4689,0.086822,0.36123,0.81144,0.71429
0.25953,0.095963,0.56032,0.71132,0.8
0,0.39185,0.023544,1,1
0,0.53987,0.15871,1,1
0.13256,0.077188,0.50345,0.5,0.5
0.059979,0.10075,0.56193,0.33333,1
0.15444,0.56268,0.018963,0.66667,0.88889
0,0.3133,0.14682,0.6,0.6
0.19205,0.55755,0.0070722,0.66667,0.88889
0.75597,0.086547,0.3696,0.94444,0.85714
0.10256,0.34344,0.31516,0.5,0.66667
0.1198,0.38469,0.26581,0.5,0.85714
0.50835,0.22495,0.43238,0.7643,0.5
0.027863,0.019928,0.80354,0.91667,0.75
0.63909,0.091154,0.16093,0.45567,0.75
0,0.13115,0.47137,1,0.75
0.88962,0.051882,0.2886,0.5,0.71429
0.55492,0.14305,0.5106,0.5,1
0.076506,0.48544,0.54086,1,1
0.58252,0.35131,0.11633,1,1
0,0.26622,0.089104,1,1
0,0.22924,0.29853,1,1
0.32892,0.43331,0.43178,1,1
0.01093,0.18316,0.62063,1,1
0,0.33106,0.00215,1,1
0.0069228,0.39289,0.0019572,1,1
0.061187,0.3196,0.048859,1,1
0.26844,0.12294,0.31238,0.4836,0.85714
0.18005,0.25961,0.12723,0.75,0.8
0.86161,0.079833,0.11713,0.78091,0.77778
0.89432,0.094538,0.037352,0.81743,0.8
1.0649,0.084106,0.096817,0.6151,0.6
0.22614,0.31559,0.14259,0.40472,0.6
0.37578,0.0020547,0.43177,0.5286,0.85714
0,0.34993,0.29967,0.75,1
0,0.36032,0.051974,0.5,0.85714
0.00087335,0.35572,0.32774,0.75,1
0,0.38106,0.35113,0.52753,0.8
0,0.38412,0.16688,0.52753,0.8
0,0.37518,0.16547,0.52753,0.8
0.039333,0.51009,0.33289,0.40472,0.85714
0.092058,0.52307,0.49757,0.62202,0.71429
0,0.33359,0.29202,0.75,1
0.49101,0.16791,0.074684,0.8,0.77778
0.74253,0.10583,0.10934,0.82111,0.7
0.62548,0.098435,0.11513,0.82111,0.6
0.88369,0.14481,0.10671,1,1
0.85625,0.097944,0.041239,1,1
0.27757,0.1175,0.25223,0.64645,0.83333
0.51142,0.10534,0.19681,0.8,1
0.020291,0.14364,0.62643,1,1
0,0.24018,0.14985,1,1
0.47519,0.0064669,0.65575,1,1
0.87199,0.073891,0.63574,1,1
0.31505,0.39056,0.016918,1,1
0,0.2118,0.15515,1,1
0.32804,0.21261,0.0070911,1,1
0.31729,0.3845,0.00019944,1,1
0.9442,0.042733,0.65305,1,1
0,0.31444,0.22508,1,1
0.59174,0.13427,0.083246,0.8367,0.85714
0.25842,0.15463,0.27369,0.91667,0.83333
0.29493,0.1314,0.66358,0.8367,0.875
0.23011,0.21781,0.17954,0.8,0.6
0.35516,0.15841,0.12553,0.8,0.66667
1.0149,0.092697,0.13639,0.86531,0.66667
0.92182,0.11829,0.37111,0.76906,0.77778
0.45625,0.15524,0.40657,0.64223,0.875
0.21787,0.2564,0.25516,0.5,0.6
0.23975,0.33187,0.52736,0.85714,0.5
0.89518,0.34976,0.11674,0.70186,0.71429
0.20092,0.29123,0.045113,0.8193,0.71429
0.1466,0.45992,0.14838,0.5,0.85714
0.51366,0.28148,0.064849,0.70186,0.66667
0.15225,0.2788,0.083545,0.95833,0.6
0.35753,0.26927,0.04214,0.70186,0.71429
0.20175,0.37776,0.27537,0.5,0.83333
0.27856,0.26612,0.096404,0.70186,0.66667
0.1005,0.13602,0.31882,0.73002,0.625
0.19113,0.1803,0.23674,0.65332,0.7
0.97403,0.0019848,0.20158,0.76906,0.77778
0.26418,0.0055587,0.48033,0.76906,0.75
0.32465,0.10426,0.2313,0.81144,0.625
0.59155,0.13033,0.10203,0.70186,0.66667
0,0.27937,0.64584,1,1
0.002374,0.24054,0.73416,1,1
0,0.21702,0.74878,1,1
0.0041081,0.37828,0.56271,1,1
0,0.24381,0.64208,1,1
0.34738,0.40057,0.60598,1,1
0,0.48088,0.23388,1,1
0,0.2203,0.78961,1,1
0.036283,0.37607,0.57422,1,1
0.25417,0.16336,0.2783,0.66667,0.6
0.25197,0.22766,0.24933,0.66667,0.75
0.39781,0.2376,0.3068,0.75,0.66667
0.2537,0.13922,0.25251,0.68573,0.66667
0.93014,0.098329,0.13151,0.5,0.75
0.28737,0.12504,0.19127,0.6151,0.85714
0.60703,0.0045855,0.39419,0.5,0.75
0,0.094911,0.39152,1,1
0.43228,0.15083,0.13776,1,1
0.71056,0.1098,0.13512,0.5,0.66667
0.52723,0.28845,0.024751,0.6,0.71429
1.0392,0.40963,0.011414,0.71716,0.75
0,0.48729,0.01004,0.8,0.71429
0.59686,0.29129,0.014483,0.6,0.71429
0.22243,0.27326,0.00702,0.6,0.85714
0.082022,0.31743,0.11388,0.6,0.6
0.5139,0.16626,0.095428,0.6151,0.85714
0.46911,0.14604,0.11499,0.68573,0.75
0.97437,0.10813,0.26135,0.45567,0.75
0.38708,0.13034,0.088258,1,0.8
0.60272,0.11234,0.23624,0.5,0.875
0.59026,0.11002,0.14946,0.33333,1
0,0.4648,0.54625,1,1
0.48918,0.30716,0.1183,1,1
0.064812,0.27102,0.11871,1,1
0.55416,0.30484,0.13551,1,1
0.0017614,0.31624,0.061633,1,1
0.68815,0.33001,0.0053937,0.9,0.83333
0,0.33047,0.057775,0.71716,0.66667
0.91183,0.14164,0.090046,0.94286,0.6
0.68517,0.12899,0.040042,0.94286,0.6
0.35599,0.166,0.43174,0.66667,0.7
0.76961,0.10093,0.14966,0.62655,0.8
0.21401,0.014514,0.46341,0.74456,0.7
0.56444,0.12334,0.07504,0.72783,0.71429
0.3667,0.20092,0.41111,0.81144,0.55556
0.031141,0.25117,0.33436,0.68377,0.83333
0.52615,0.10405,0.42363,0.73814,0.75
0.24213,0.15196,0.35468,0.74041,0.5
0.69397,0.052445,0.2249,0.7076,0.54545
0.7386,0.03666,0.33305,0.91667,0.8
0.48938,0.25039,0.11877,0.71716,0.875
0.59193,0.0044829,0.32609,0.83333,0.8
0.032264,0.62856,0.32221,1,0
0.64654,0.015426,0.23205,0.8931,0.8
0.81799,0.0981,0.27028,0.78619,0.66667
0.13779,0.019736,0.55998,0.6151,0.875
0.21832,0.0014723,0.48139,0.71132,0.75
0.75335,0.080116,0.56385,0.71132,0.71429
0.1113,0.016933,0.55596,0.6151,0.85714
0.71766,0.081158,0.17134,0.6316,0.8
0.030771,0.16273,0.29821,0.70186,0.75
0.12359,0.12936,0.35683,0.68377,0.57143
0.17142,0.10478,0.34231,0.6151,0.875
0.075712,0.065089,0.41995,0.71132,0.85714
0.7866,0.11842,0.41173,0.71132,0.75
0.1989,0.23095,0.33017,0.6151,0.85714
0.40339,0.11097,0.18391,0.6,0.77778
0.32433,0.23216,0.058948,0.80921,0.90909
0.20975,0.18527,0.15659,0.75963,0.77778
0.19927,0.19339,0.14632,0.80921,0.77778
0.53767,0.49103,0.43972,0.73333,0.625
0.20239,0.19909,0.12149,0.80921,0.77778
0.73765,0.043715,0.20147,0.75671,0.7
0,0.25453,0.2719,0.68377,0.6
0.50618,0.091656,0.28555,1,0.83333
0.63748,0.08909,0.11329,0.64365,0.8
0.082992,0.22716,0.54721,0.8367,0.71429
0.51616,0.1974,0.014486,0.95833,0.6
0.61489,0.075648,0.61321,0.47998,0.77778
0.52026,0.19983,0.0067847,0.95833,0.83333
0.17648,0.63931,0.14407,0.53584,0.375
0.58704,0.18595,0.17829,0.91667,0.875
0.59053,0.056387,0.19178,0.76906,0.66667
0.55981,0.081192,0.18376,0.88336,0.5
0.87957,0.1312,0.015778,0.64645,0.85714
0.19147,0.10301,0.32765,0.64223,0.66667
0.74149,0.16387,0.17789,0.51342,0.55556
0.81398,0.13066,0.17131,0.51342,0.6
0.030771,0.24019,0.35815,0.70186,0.25
0.076814,0.35166,0.22174,0.71132,0.5
0.076814,0.35735,0.047434,0.71132,0.5
0.088967,0.32666,0.24185,0.71132,0.4
0.32003,0.24519,0.45086,0.88889,0.8
0.17785,0.32367,0.25287,0.71132,0.4
0.076814,0.33389,0.22212,0.71132,0.4
0.39808,0.29962,0.22666,0.71132,0.4
0.076814,0.33737,0.27104,0.79588,0.4
0.57086,0.28243,0.34048,0.95833,0.6
0.39132,0.58777,0.15863,0.8367,0.33333
0.55033,0.14631,0.14212,0.5,0.625
0.5082,0.19852,0.021304,0.7643,0.625
0.19837,0.24162,0.089453,0.71155,0.625
0.16984,0.28113,0.043523,0.72783,0.625
0.19837,0.25694,0.095392,0.73793,0.625
0.19019,0.30157,0.082411,0.72783,0.42857
0.61982,0.03572,0.26841,0.80755,0.66667
0.17745,0.24286,0.055331,0.8367,0.71429
0.17862,0.28437,0.056571,0.76906,0.75
0.8951,0.032781,0.25293,0.77639,0.8
0.67918,0.11934,0.1105,0.64223,0.6
0.62171,0.12121,0.17535,0.64223,0.6
0.46904,0.20605,0.3934,0.69589,0.71429
0.25082,0.30192,0.2547,0.83333,0.66667
2.048,0.33805,0.35516,1,0.8
0.225,0.21869,0.36873,0.91667,0.71429
0.24488,0.30122,0.20486,0.94444,1
0.37834,0.25936,0.38752,0.94444,0.33333
0.49741,0.20676,0.39913,0.65332,0.8
0.24351,0.24256,0.39063,0.79363,0.44444
0.59127,0.27651,0.42721,0.55279,0.25
0.40391,0.25629,0.31368,0.75,0.5
2.063,0.26233,0.44224,0.91667,0.8
0.22709,0.27418,0.35908,0.91667,0.66667
0.26257,0.20985,0.20944,0.97143,0.8
0.54596,0.24131,0.29897,0.76906,0.8
0.30944,0.29318,0.2214,1,1
0.68127,0.22929,0.20471,0.8,0.75
0.66015,0.21873,0.30953,0.80107,0.77778
0.27419,0.28902,0.20873,0.74702,0.85714
0.33866,0.24381,0.36272,0.76672,0.66667
0.3076,0.20081,0.25558,0.76906,0.5
0.37055,0.20883,0.37702,0.83333,0.71429
0.58152,0.22188,0.31678,0.95833,0.85714
0.66147,0.24978,0.24223,0.83333,0.85714
0.60684,0.23173,0.23677,0.91667,1
0.34987,0.2502,0.28346,0.95,0.8
0.95256,0.20342,0.20855,0.91667,1
0.7586,0.21836,0.27885,0.91667,0.77778
0.20989,0.20008,0.47155,0.875,0.75
0.32782,0.23806,0.24114,1,1
0.70825,0.2062,0.29186,1,0.75
0.90779,0.20165,0.32775,0.66667,0.75
0.4093,0.21846,0.32973,0.83333,0.5
0.21034,0.26471,0.35009,0.6151,0.83333
0.7069,0.30104,0.20847,0.5286,0.83333
0.54653,0.23224,0.30508,0.7,0.75
0.21034,0.27507,0.31835,0.66981,0.75
0.621,0.23001,0.269,0.72783,0.625
0.28164,0.26267,0.2593,0.91667,1
0.31765,0.22874,0.55423,0.42265,0.75
0.22988,0.20989,0.42615,0.66528,0.63636
0.22988,0.23722,0.35414,0.59834,0.72727
0.25167,0.32321,0.20982,0.7215,0.6
0.20241,0.25677,0.25051,0.875,1
0.35833,0.27364,0.23786,0.875,0.6
0.22867,0.21937,0.28993,0.875,0.8
0.56721,0.26155,0.20883,0.875,0.6
0.44963,0.20577,0.34391,0.875,0.85714
0.34979,0.2323,0.37905,0.875,1
0.53029,0.30388,0.21494,0.56699,1
0.79979,0.24084,0.23482,0.59175,0.875
0.27507,0.31501,0.20696,0.77778,0.625
0.32044,0.27655,0.2191,0.7643,0.75
0.45744,0.21326,0.31011,0.7643,0.57143
0.32306,0.24521,0.44902,0.7643,0.57143
0.32009,0.27514,0.22895,0.7643,0.57143
0.47111,0.20359,0.31148,0.66667,0.75
0.98011,0.22659,0.24163,0.4474,0.72727
0.98011,0.27126,0.21076,0.4474,0.7
0.96446,0.22748,0.24701,0.7215,0.72727
0.97402,0.20437,0.27722,0.61685,0.8
0.88828,0.23103,0.28464,0.5614,0.81818
0.65418,0.22283,0.29332,0.8367,0.7
0.3365,0.23062,0.35684,0.78091,0.5
0.2021,0.31635,0.31293,0.8,0.75
0.20243,0.34811,0.20711,0.85566,0.71429
0.2021,0.31108,0.37275,0.83333,0.71429
0.24897,0.30406,0.30659,0.85566,0.71429
0.29823,0.21987,0.48147,0.66667,0.5
0.34535,0.24821,0.40069,0.56321,0.77778
0.79363,0.20979,0.37153,0.49344,0.7
0.25139,0.2455,0.32703,0.84287,0.5
0.72813,0.21329,0.33259,0.65332,0.57143
0.38439,0.27043,0.33984,0.79588,0.9
0.7974,0.26097,0.20671,0.79588,0.75
0.26988,0.20199,0.55126,0.7643,1
0.28824,0.26201,0.29649,0.8,0.85714
0.35639,0.31457,0.25123,0.8,1
0.92452,0.20548,0.25288,0.8367,0.875
0.39858,0.34547,0.20009,1,0.71429
0.48829,0.21163,0.24895,1,0.77778
0.53705,0.20655,0.44116,1,0.5
0.39377,0.25879,0.28249,0.58398,0.66667
0.49482,0.25549,0.37852,0.47585,0.75
0.53528,0.25887,0.27551,0.76906,1
0.67844,0.23568,0.27945,0.47585,0.75
1.1193,0.21964,0.22306,0.47585,0.875
0.50085,0.20941,0.32186,0.47585,0.66667
0.20394,0.31157,0.22313,0.60315,0.875
0.21975,0.23819,0.34698,0.5286,0.55556
0.36073,0.24057,0.38979,0.5286,0.66667
0.26707,0.30332,0.29699,0.5,0.75
0.22197,0.25559,0.38991,0.5,0.88889
0.33948,0.37099,0.23304,0.30376,0.85714
0.62814,0.22934,0.21504,0.8,0.6
0.22215,0.20682,0.42317,0.46301,0.8
0.2423,0.21437,0.35179,0.54227,0.7
0.25046,0.21031,0.35125,0.46301,0.55556
0.35408,0.20723,0.45341,0.41764,0.7
0.37721,0.20459,0.27069,0.41764,0.55556
0.25929,0.21879,0.29721,0.49344,0.55556
0.21371,0.22378,0.51582,0.49344,0.8
0.44924,0.28047,0.25301,0.726,0.8
0.5692,0.21333,0.39165,0.65478,0.57143
1.4525,0.23382,0.21854,0.875,0.6
0.47545,0.26504,0.22543,0.91667,0.5
0.22584,0.32355,0.33899,0.9,0.66667
0.2582,0.21265,0.48732,0.55279,0.85714
0.21165,0.29503,0.21691,0.88889,0.33333
0.72452,0.20524,0.21345,0.6734,1
0.67147,0.23981,0.24397,0.86392,0.5
0.5946,0.23454,0.29067,0.47585,0.875
0.92749,0.20731,0.23897,0.6734,0.875
0.62504,0.23186,0.32561,0.47585,0.875
0.33225,0.33864,0.23779,0.7643,0.83333
0.34456,0.24032,0.28485,0.9,0.875
0.50411,0.20495,0.31063,0.76906,0.875
0.56154,0.23061,0.24952,0.6734,0.77778
0.70263,0.28122,0.22602,0.40472,0.83333
0.34242,0.25926,0.36056,0.79588,1
0.20793,0.26858,0.44281,0.82322,0.5
0.45189,0.32742,0.20919,0.6734,0.6
0.40147,0.20919,0.4901,0.93333,0.57143
0.55309,0.30065,0.22356,0.85566,0.66667
0.33448,0.30483,0.27583,0.34481,0.6
0.32774,0.21436,0.25245,0.9,0.83333
0.40834,0.30577,0.20195,0.9,1
0.29601,0.26022,0.25389,0.68635,0.77778
0.35725,0.22818,0.24922,0.78619,0.85714
0.3637,0.2089,0.34195,0.8367,0.71429
0.91838,0.20253,0.22632,0.9,0.75
0.34235,0.31933,0.26314,0.75,0.83333
0.21439,0.45756,0.22642,0.33333,0.8
0.21439,0.2028,0.20822,0.33333,0.83333
0.44354,0.24278,0.21568,0.76415,0.6
0.65705,0.25627,0.23988,0.73648,0.66667
0.23571,0.23784,0.54358,0.76415,0.6
1.0296,0.22035,0.21788,1,0.83333
0.47186,0.20269,0.33056,0.80755,0.85714
0.54643,0.29497,0.20192,0.8367,0.4
0.24974,0.43056,0.23464,0.73793,0.42857
0.22338,0.25746,0.2154,0.64645,0.75
0.54448,0.21976,0.3428,0.67241,0.77778
0.28959,0.20109,0.23573,0.82111,1
0.22049,0.20043,0.31382,0.57792,0.6
0.31875,0.2058,0.42136,0.88336,0.71429
0.23745,0.26513,0.29646,0.71132,0.77778
0.74422,0.20062,0.23499,0.91667,0.8
0.52221,0.24863,0.25355,0.5286,0.875
0.2402,0.21052,0.329,0.87868,0.66667
0.30686,0.29654,0.27805,0.79811,0.42857
0.80566,0.2017,0.26373,0.73274,1
0.55212,0.20574,0.33698,0.74764,0.625
0.75959,0.23921,0.20037,0.71132,0.57143
0.60179,0.23791,0.27259,0.76906,0.85714
0.25956,0.22882,0.31998,0.63268,0.77778
0.52595,0.24985,0.21174,1,1
0.59956,0.2414,0.21586,0.61843,0.55556
0.78013,0.20284,0.42434,0.62202,0.5
0.26172,0.27042,0.41246,0.8367,0.5
0.26285,0.2138,0.30176,0.8367,0.85714
0.40478,0.321,0.23393,0.8,0.6
0.20474,0.20979,0.50699,0.56699,1
0.30456,0.28512,0.39881,0.49793,0.66667
0.52852,0.23181,0.30661,0.4474,0.5
0.38727,0.25395,0.35275,0.64645,0.5
0.37627,0.2167,0.45329,0.46271,0.75
0.26157,0.22277,0.34645,0.60315,0.81818
0.36334,0.23913,0.26785,0.60315,0.9
0.55224,0.20266,0.40477,0.60315,0.90909
0.42236,0.23556,0.3313,0.81144,0.57143
0.328,0.21235,0.27679,0.69381,1
0.58028,0.23407,0.33221,0.70236,0.85714
0.43444,0.22462,0.41073,0.81144,0.71429
0.36157,0.20991,0.36569,0.72783,0.75
0.6694,0.22011,0.3105,0.9,0.75
0.60129,0.25718,0.26605,0.54211,0.75
0.57136,0.20814,0.32247,0.62202,0.5
0.58164,0.22198,0.33373,0.62202,0.66667
0.60056,0.20976,0.27453,0.73793,1
0.59042,0.23615,0.24913,0.77106,0.625
0.48298,0.25361,0.33561,0.88453,0.6
0.33403,0.24113,0.35818,0.8,1
0.60129,0.23594,0.36855,0.58398,0.71429
0.39809,0.24927,0.3327,0.91667,0.83333
0.36932,0.22008,0.37699,0.94444,0.83333
0.52686,0.20619,0.37125,0.91667,0.6
0.31717,0.23063,0.2875,0.86392,0.88889
0.60047,0.27087,0.2663,0.60315,1
0.75242,0.21363,0.21186,0.57404,0.57143
0.7488,0.24173,0.28718,0.7643,0.6
0.71325,0.22343,0.25906,0.65332,0.75
0.28378,0.3848,0.34627,0.60315,0.42857
0.30631,0.29895,0.23594,0.63944,0.625
0.3708,0.20544,0.43309,0.85858,0.85714
0.59615,0.21941,0.26581,0.52378,1
0.63218,0.22938,0.24131,0.52378,0.5
0.51103,0.22022,0.35852,0.62202,0.57143
0.57116,0.20089,0.29465,0.66981,0.77778
0.26593,0.26763,0.2054,0.48885,0.66667
0.27262,0.25054,0.42762,0.48885,0.5
0.3341,0.20233,0.66886,0.58398,0.375
0.22827,0.24006,0.20989,0.73793,0.625
0.23459,0.22853,0.42497,0.73793,0.8
0.20909,0.20733,0.4388,0.58398,0.7
0.77067,0.22835,0.26098,0.72484,0.375
0.77067,0.20176,0.3136,0.75963,0.5
0.2258,0.22067,0.35946,0.60315,0.42857
0.22175,0.25372,0.32806,0.71382,0.57143
0.3648,0.22522,0.46204,0.63944,0.77778
0.29118,0.27824,0.23453,0.71382,0.75
0.22326,0.22434,0.41161,0.52753,0.66667
0.47101,0.21096,0.34058,0.4,0.71429
0.52568,0.23282,0.28786,0.60315,0.66667
0.24344,0.30886,0.24236,0.88215,0.57143
0.37814,0.22434,0.35784,0.85858,0.88889
0.76195,0.22892,0.24492,0.45916,0.6
0.26225,0.29822,0.35485,0.47998,0.85714
0.3042,0.28472,0.38538,0.52753,0.75
0.3415,0.23107,0.52566,0.52753,0.71429
0.83505,0.22427,0.25128,0.25,0.5
0.79801,0.23551,0.22937,0.80755,0.75
0.73721,0.25934,0.23349,0.25,0.5
0.29706,0.21246,0.60408,0.40472,0.66667
0.93245,0.22929,0.21824,0.59175,0.57143
0.41672,0.23494,0.31175,0.40472,0.90909
0.5613,0.23695,0.38272,0.32728,0.75
0.32037,0.34958,0.22265,0.83333,0.85714
0.26323,0.33979,0.21619,1,1
0.2654,0.21765,0.2645,0.8367,0.66667
0.30675,0.30104,0.37216,0.7643,0.25
0.32998,0.24683,0.22663,0.5286,0.66667
0.49774,0.24938,0.21276,0.79588,0.5
0.99991,0.22544,0.32076,0.65359,0.4
0.66579,0.22636,0.28702,0.8069,0.625
0.41429,0.20841,0.40462,0.37004,0.83333
0.21155,0.27446,0.22052,0.64912,0.66667
1.7053,0.22398,0.32571,1,1
0.50425,0.22692,0.23162,0.83333,0.66667
0.48546,0.20605,0.27349,0.8367,0.66667
0.80993,0.30758,0.20275,0.33333,0.83333
0.46547,0.25129,0.29635,0.93333,1
0.30486,0.22925,0.3028,0.5614,0.71429
0.73385,0.20296,0.20328,0.9,1
0.45264,0.20675,0.27249,0.68573,0.6
0.44492,0.23344,0.36191,0.52753,0.71429
0.60931,0.22896,0.23229,0.71716,0.71429
0.79136,0.22249,0.20105,0.66667,1
0.29489,0.25275,0.21649,0.69381,1
0.4477,0.23534,0.30485,0.875,0.75
0.30097,0.23519,0.22529,0.69381,0.83333
0.25623,0.28953,0.39308,0.69381,0.8
0.43918,0.29512,0.20668,0.69381,0.75
0.22408,0.2127,0.48599,1,1
0.47846,0.22815,0.26811,0.875,1
0.82225,0.22429,0.21256,0.71132,0.6
0.41752,0.24734,0.22706,0.8,0.71429
0.38651,0.2165,0.30712,1,1
0.48131,0.2238,0.23817,1,1
0.51639,0.20445,0.37294,0.75,0.8
0.57076,0.22753,0.34287,0.27454,0.8
0.53112,0.22476,0.2617,0.8,0.83333
0.59974,0.23544,0.20238,1,0.75
0.48929,0.25355,0.20993,0.6316,0.75
0.56378,0.23057,0.3625,0.71132,0.5
0.21555,0.21899,0.34073,0.91667,0.6
0.38134,0.28436,0.20614,1,1
0.53576,0.2303,0.222,0.41764,0.77778
0.26861,0.31988,0.21968,0.31858,0.71429
0.48501,0.2865,0.26274,0.60315,0.625
0.57035,0.33808,0.23203,0.4,0.85714
0.20658,0.41401,0.23806,0.49344,0.875
0.45739,0.23425,0.38712,0.54227,0.57143
0.31539,0.2444,0.29911,0.54227,0.625
0.67605,0.27749,0.27229,0.57404,0.57143
0.32933,0.21597,0.21518,0.86667,0.8
0.30131,0.24599,0.27453,0.71132,0.75
1.361,0.21446,0.23384,0.91667,0.83333
0.49796,0.23289,0.36499,0.71132,0.5
0.33149,0.32501,0.20807,0.95,1
0.29451,0.31426,0.25632,0.62202,0.875
0.27244,0.22203,0.26848,0.72783,0.77778
0.20588,0.24322,0.25041,0.8,0.8
0.39577,0.26848,0.3535,0.47585,0.71429
0.23076,0.2048,0.3458,0.34481,0.66667
0.24438,0.21384,0.43048,0.75,1
0.25086,0.21191,0.32897,0.76906,0.71429
0.42542,0.31478,0.21829,0.91667,0.83333
0.22539,0.30043,0.20289,1,0.66667
0.20924,0.46473,0.20073,0.81144,0.5
0.24075,0.25119,0.20052,1,0.4
0.4248,0.29326,0.26922,0.4,0.85714
1.0061,0.20414,0.34818,0.52378,0.71429
0.80457,0.23255,0.245,0.66981,0.75
0.2271,0.26467,0.40471,0.70186,0.5
0.70831,0.28512,0.25104,0.91667,0.5
0.20398,0.28437,0.41017,0.8,0.71429
0.67211,0.22568,0.27828,0.79588,0.75
0.67373,0.21947,0.20375,0.8,0.66667
0.56613,0.22107,0.26147,0.82322,0.85714
0.33657,0.24825,0.21896,1,0.66667
0.51505,0.20884,0.3104,1,1
0.21668,0.2402,0.31094,0.8538,0.71429
0.72116,0.32132,0.20586,0.5,0.75
0.21037,0.26387,0.25301,0.85093,0.75
0.39391,0.21083,0.38517,1,0.75
0.8969,0.24332,0.22848,0.59834,0.75
0.86216,0.23012,0.25156,0.6,0.66667
0.79455,0.22319,0.20393,0.9,0.83333
0.68177,0.21304,0.3769,0.64645,0.5
0.71739,0.26345,0.2776,0.66667,0.6
0.74153,0.3189,0.22481,0.8,0.33333
0.65267,0.22725,0.20455,0.9,0.85714
0.24331,0.33511,0.20662,0.76906,0.875
0.20565,0.32634,0.36844,0.79588,0.71429
0.56334,0.20437,0.39133,0.33333,0.25
0.87503,0.2019,0.25202,0.70186,0.7
0.22368,0.22188,0.44317,0.8,1
0.24505,0.22864,0.21858,0.76906,0.66667
0.20819,0.23384,0.27813,0.79588,0.66667
0.24715,0.27979,0.27989,0.66667,0.8
0.41217,0.27901,0.25197,0.9,0.625
0.37901,0.23635,0.20041,0.93333,0.6
0.39647,0.31333,0.21673,0.4,0.625
0.69138,0.24918,0.40855,0.2063,0.8
0.24802,0.32858,0.2153,0.93333,0.66667
0.22418,0.26754,0.47415,0.5,0.625
0.36821,0.30934,0.29197,0.84287,0.77778
0.36821,0.27947,0.30127,0.75,1
0.20569,0.22735,0.34387,0.91667,0.85714
0.31096,0.26427,0.20819,0.72783,0.7
0.47023,0.20417,0.27225,0.6,0.90909
0.33854,0.20999,0.3365,0.8,0.85714
0.20098,0.21395,0.29814,1,1
0.41187,0.22771,0.3376,0.8,0.83333
0.70804,0.20097,0.40365,0.5,0.66667
0.24279,0.31491,0.4662,0.94444,0.33333
0.2737,0.20626,0.29304,1,1
0.59238,0.2568,0.26859,0.42265,0.6
0.60295,0.2307,0.21606,0.94444,0.9
0.50989,0.23962,0.2787,0.76672,0.77778
0.58738,0.24132,0.26696,0.875,1
0.47558,0.20386,0.32922,0.66667,1
0.3149,0.20239,0.28927,0.6,0.85714
0.21138,0.21099,0.24907,0.71429,0.71429
0.3639,0.22223,0.25538,0.94444,1
0.3639,0.20262,0.38082,0.90378,0.875
0.3639,0.23827,0.35236,0.90378,0.71429
0.34278,0.24366,0.26207,0.91667,1
0.3639,0.21406,0.38525,0.90378,0.875
0.29438,0.22641,0.43408,0.8,0.83333
0.23323,0.2988,0.36437,0.8,0.83333
0.31469,0.29305,0.23593,0.76792,0.625
0.20285,0.27106,0.32234,1,0.85714
0.3681,0.2689,0.22933,0.75,0.5
0.72503,0.2226,0.40086,0.33333,0.8
0.418,0.32267,0.20301,0.42265,1
0.35994,0.22519,0.25907,0.67241,0.83333
0.73844,0.23133,0.28752,0.69016,0.71429
0.31001,0.27661,0.28479,0.5,0.83333
0.21623,0.30856,0.2688,0.875,1
0.31942,0.22333,0.31257,0.92857,0.57143
0.39153,0.21438,0.25606,0.9,0.88889
0.33901,0.27664,0.33409,0.9375,0.83333
0.47432,0.28067,0.24513,0.76906,0.9
0.69958,0.21446,0.25212,0.44301,0.4
0.73933,0.23743,0.29296,0.55792,0.88889
0.26536,0.28824,0.3771,0.66667,1
0.31294,0.20333,0.28312,1,1
0.31294,0.27354,0.22374,0.91667,1
0.31523,0.21173,0.32236,0.8367,0.88889
0.66335,0.27178,0.21347,0.95,0.71429
0.3647,0.20452,0.35815,0.66981,0.9
0.31867,0.30534,0.4835,0.30376,0.71429
0.71713,0.24637,0.24324,0.76906,0.5
0.27506,0.24833,0.38024,1,1
0.23772,0.202,0.43114,0.6127,0.5
0.29028,0.25895,0.31062,1,1
0.41536,0.3137,0.22307,0.9,0.5
0.68339,0.21849,0.27971,0.94444,0.7
0.6993,0.20493,0.3258,0.71132,0.57143
0.30567,0.21984,0.27891,0.94444,0.9
0.27939,0.22544,0.20515,0.88889,0.7
0.29063,0.20318,0.44689,0.93333,0.625
0.75921,0.21379,0.29893,0.8,0.57143
0.43566,0.29009,0.26431,0.8,0.75
0.54249,0.34629,0.27533,0.40472,0.42857
0.44188,0.22133,0.44804,0.59175,0.5
0.34988,0.20879,0.32878,0.59175,0.6
0.31964,0.23653,0.44965,0.64645,0.5
0.3094,0.25731,0.27683,0.64645,0.83333
0.38335,0.28535,0.21245,0.64645,0.8
0.24296,0.23175,0.43368,0.83333,0.75
0.34425,0.21798,0.32486,1,0.83333
0.23823,0.23135,0.33831,1,0.83333
0.6323,0.22876,0.30284,0.65359,0.71429
0.29575,0.24174,0.54117,0.2063,0.625
0.39007,0.31804,0.27522,0.27888,1
0.5943,0.21673,0.2065,0.5,0.66667
0.26093,0.22203,0.31469,0.5,0.66667
0.23147,0.2938,0.31563,0.56699,0.8
0.21343,0.26023,0.40709,0.93333,0.75
0.58682,0.23672,0.28978,0.76906,0.83333
0.20819,0.25892,0.35291,0.71716,0.8
0.64339,0.23694,0.38383,0.40472,0.5
0.52787,0.2139,0.31645,0.8367,0.83333
0.40913,0.22801,0.2752,0.8,0.66667
0.29743,0.27977,0.38118,0.31858,0.75
0.20065,0.20692,0.34017,0.2063,1
0.20181,0.22265,0.27959,0.9,1
0.2028,0.22303,0.42206,0.9,1
0.50213,0.21607,0.28788,0.8,1
0.66201,0.22051,0.3066,0.8,0.83333
0.6639,0.24044,0.20483,0.8,0.6
0.21612,0.20554,0.50818,0.64645,0.83333
0.33485,0.29864,0.26406,0.9,1
0.344,0.37052,0.21011,0.6151,0.75
0.66837,0.23352,0.22829,0.83333,1
0.41196,0.28868,0.30158,0.91667,0.625
0.26061,0.25955,0.36538,0.94444,0.9
0.75492,0.22437,0.29831,0.47998,0.42857
0.32737,0.21401,0.55207,0.47998,0.9
0.40592,0.24379,0.23646,0.88889,0.625
0.60777,0.20521,0.31958,0.75,1
0.24968,0.23949,0.44854,0.47998,0.66667
0.2909,0.24281,0.41515,0.75,0.6
0.27558,0.20946,0.49171,0.75,0.6
0.6185,0.22195,0.2855,0.75,0.8
0.27777,0.23473,0.22802,0.75,0.83333
0.20127,0.23814,0.46318,0.75,0.6
0.43009,0.23872,0.20161,0.75,0.85714
0.35606,0.20917,0.44504,0.54572,0.6
1.0681,0.21719,0.22134,0.64645,0.85714
0.51817,0.20136,0.38378,0.64645,0.83333
0.30449,0.26585,0.23229,0.5,0.75
0.24043,0.25596,0.42972,0.5286,0.83333
0.20342,0.23521,0.28993,0.34481,0.71429
0.76201,0.28054,0.22672,0.25,0.85714
0.37071,0.21885,0.44611,0.6151,1
0.2884,0.28191,0.31643,0.6151,1
0.33279,0.26407,0.31788,0.66667,1
0.54158,0.25458,0.27715,0.875,0.71429
0.3525,0.27747,0.44092,0.5286,0.66667
0.56931,0.28608,0.23599,0.6151,0.8
0.22852,0.21915,0.37559,0.25,0.71429
0.62261,0.27607,0.38212,0.25,0.66667
0.45411,0.20769,0.34836,0.71716,0.625
0.45867,0.20448,0.28671,0.25,0.5
0.49711,0.23806,0.27621,0.25,0.85714
0.20221,0.23282,0.29061,0.71716,1
0.39636,0.23129,0.31536,0.25,0.71429
0.22167,0.22463,0.47636,0.40472,1
0.2229,0.29762,0.28165,1,0.8
0.25408,0.33935,0.2414,0.75,0.5
0.30368,0.22682,0.21704,0.66667,1
0.38752,0.23683,0.25316,0.52378,0.875
0.32546,0.29374,0.21677,1,1
0.38749,0.2563,0.45206,0.6,0.57143
0.21612,0.20124,0.50539,0.79344,0.5
0.37617,0.23193,0.38652,0.64645,1
0.45365,0.2229,0.32907,0.75,0.66667
0.54915,0.20387,0.22585,0.42265,1
0.25904,0.20383,0.61415,0.69715,0.55556
0.59607,0.23456,0.27897,0.72783,0.85714
0.47507,0.26977,0.27855,0.69348,0.55556
0.54904,0.26448,0.2293,0.83333,0.85714
0.74119,0.24947,0.29185,0.57828,0.8
0.36492,0.20026,0.26932,0.8,0.85714
0.54633,0.23542,0.2559,0.64645,0.75
0.56514,0.23423,0.31039,0.64645,1
0.34508,0.23345,0.27198,0.8367,1
0.358,0.22612,0.21458,0.75,0.85714
0.49474,0.20279,0.26147,0.91667,1
0.4975,0.23827,0.33139,0.8,0.8
0.53089,0.24472,0.20455,1,0.8
0.53268,0.27553,0.21972,0.7643,1
0.53268,0.23923,0.29044,1,1
0.69857,0.22888,0.2763,0.54572,0.8
0.21248,0.23345,0.27721,0.93333,0.85714
0.29542,0.23594,0.30234,0.6151,1
0.75735,0.20853,0.21468,0.76906,0.6
1.8602,0.25734,0.26728,0.93333,0.83333
0.22126,0.37127,0.25462,0.875,0.85714
0.29182,0.21635,0.22996,0.75963,0.55556
0.46973,0.2684,0.37536,0.8,0.5
0.25644,0.21937,0.47308,0.64645,0.71429
0.57688,0.25671,0.37957,0.39429,0.75
0.35919,0.3543,0.24934,0.39429,0.875
0.32481,0.21443,0.47957,0.52753,0.66667
0.49983,0.26276,0.24177,0.91667,1
0.45769,0.21279,0.24626,0.69381,0.75
0.42545,0.22982,0.33115,0.64645,0.625
0.26244,0.21804,0.2891,0.71132,0.88889
0.4227,0.26621,0.3275,0.64645,0.75
0.50884,0.20078,0.21262,0.64645,0.875
0.64717,0.20755,0.31136,0.83333,0.875
0.29707,0.20172,0.36582,0.5614,0.57143
0.37977,0.23369,0.26281,0.59175,0.42857
0.45731,0.25404,0.35812,0.66667,0.77778
0.27536,0.23029,0.31573,0.66667,0.77778
0.30773,0.25568,0.23129,0.66667,0.9
0.44892,0.28921,0.29853,0.66667,0.77778
0.26718,0.20532,0.45687,0.59175,0.66667
0.4856,0.25357,0.32249,0.59175,0.625
0.20569,0.275,0.35273,0.66667,0.625
0.4374,0.21423,0.37643,0.75,0.6
0.52065,0.23166,0.25556,0.75,1
0.23978,0.24856,0.55434,0.75,0.5
0.60534,0.2415,0.27104,0.75,0.6
0.36503,0.30478,0.20567,0.7418,0.625
0.42616,0.21034,0.32073,0.7418,0.57143
0.48601,0.24251,0.27235,0.71132,0.8
0.45313,0.21777,0.21949,0.71132,0.88889
0.39777,0.2623,0.30365,0.71132,0.42857
0.47485,0.23052,0.38212,0.71132,0.57143
0.47701,0.22288,0.27841,0.81743,0.71429
0.40377,0.20339,0.38539,0.68377,0.77778
0.32362,0.22733,0.27866,0.70186,0.71429
0.44579,0.34128,0.20334,0.64645,0.375
0.8093,0.21113,0.25967,0.59452,0.77778
0.30579,0.22766,0.27789,0.71132,0.4
0.33514,0.22055,0.2593,0.71132,0.83333
0.3727,0.21137,0.28165,0.71132,0.6
0.29873,0.25579,0.26687,0.33333,0.85714
0.23046,0.4249,0.27367,0.33333,0.77778
0.40974,0.26082,0.30909,0.8367,1
0.58105,0.26542,0.2101,0.55792,0.57143
0.38281,0.24347,0.38085,0.69348,0.75
0.34331,0.24769,0.32711,0.74702,0.88889
0.41532,0.24729,0.30291,0.83333,0.6
0.32692,0.27745,0.28788,0.54572,0.71429
0.73559,0.22137,0.36116,0.6151,0.6
0.63344,0.21983,0.24295,0.58726,0.66667
0.25336,0.24611,0.26666,0.60315,0.66667
0.30691,0.21713,0.48285,0.45567,0.57143
0.33894,0.23635,0.43488,0.71716,0.75
0.46271,0.2151,0.31008,0.6,0.71429
0.27614,0.21805,0.36987,0.76906,0.57143
0.24628,0.2538,0.44207,0.71716,0.57143
0.23424,0.29536,0.20422,0.8,0.85714
0.50506,0.21477,0.43231,0.59452,0.71429
0.36574,0.21922,0.30514,0.9,0.66667
0.59287,0.231,0.28377,0.9,0.85714
0.2961,0.34136,0.25368,0.91393,0.75
1.1675,0.27451,0.20534,0.33333,0.5
0.87351,0.25291,0.2243,0.33333,0.66667
0.84725,0.28956,0.27138,0.33333,0.4
1.1189,0.22582,0.35644,0.33333,0.5
0.23466,0.30014,0.29433,0.8,0.57143
0.53383,0.21792,0.21995,0.93333,0.85714
0.47021,0.26781,0.2779,0.5,0.8
0.2996,0.27218,0.37205,0.91667,0.83333
0.30212,0.30634,0.34924,0.76906,0.625
0.20922,0.22809,0.34237,0.76906,0.75
0.54102,0.2214,0.22375,0.76906,0.88889
0.56399,0.20855,0.27949,0.76906,0.88889
0.24592,0.29001,0.238,0.80755,0.33333
0.26968,0.27778,0.36036,0.8,0.875
0.33627,0.2519,0.36781,0.80755,0.77778
0.27137,0.24219,0.37992,0.7215,0.71429
0.26769,0.20012,0.56293,0.25,0.83333
0.28266,0.22923,0.57137,0.34481,0.83333
0.33443,0.20505,0.62671,0.25,0.83333
0.37307,0.20664,0.53204,0.34481,0.83333
0.23502,0.22539,0.52966,0.25,0.83333
0.29936,0.22481,0.27918,0.34481,0.25
0.31153,0.20613,0.22532,0.25,0.25
0.29874,0.21649,0.46602,0.25,0.6
0.54701,0.23861,0.2164,0.25,0.875
0.23779,0.2905,0.40826,0.66667,1
0.68912,0.28626,0.20787,0.66667,0.66667
0.45588,0.22279,0.41307,0.77896,0.33333
0.25002,0.30911,0.31388,0.7215,0.85714
0.29103,0.2278,0.28549,0.77896,0.57143
0.41284,0.22799,0.24989,0.64912,0.57143
0.47942,0.22406,0.43707,0.77896,0.57143
0.56896,0.20344,0.38215,0.64912,0.71429
0.2375,0.25455,0.30419,0.6,1
0.5234,0.2325,0.41427,0.25,0.88889
0.22857,0.28923,0.3607,0.71716,0.875
0.57938,0.21309,0.36529,0.71716,0.5
0.69795,0.23544,0.20106,0.76906,0.71429
0.48168,0.20045,0.29042,0.58398,0.57143
0.51081,0.34429,0.23656,0.52378,0.71429
0.38524,0.21595,0.24988,0.52378,0.71429
0.36583,0.26656,0.42749,0.56321,0.625
0.42315,0.23395,0.32235,0.83333,0.83333
0.45667,0.27223,0.21522,0.62202,0.66667
0.34629,0.20751,0.21637,0.77896,0.75
0.30048,0.2114,0.30956,0.75671,0.66667
0.45643,0.20378,0.43967,0.8069,0.625
0.47523,0.20768,0.29317,0.77896,0.625
0.26335,0.22412,0.32756,0.7215,0.625
0.22782,0.21854,0.2947,0.64912,0.875
0.26598,0.21527,0.34154,0.75671,0.55556
0.20619,0.2205,0.39505,0.64912,0.71429
0.28138,0.21541,0.30931,0.77896,0.77778
0.28029,0.21837,0.43492,0.64912,0.71429
0.59455,0.26482,0.28899,0.6734,0.75
0.22026,0.27633,0.44155,0.84287,0.77778
0.47076,0.25512,0.24652,0.76906,0.625
0.41129,0.22767,0.27663,0.84287,0.5
0.26381,0.34862,0.26961,0.80755,0.77778
0.21505,0.20688,0.5079,0.66667,1
0.22704,0.2026,0.37949,0.66667,0.66667
0.47831,0.23026,0.26846,1,0.83333
0.22606,0.21062,0.58271,0.66667,1
0.24428,0.23857,0.29066,0.80755,0.88889
0.4885,0.20033,0.33527,0.7643,0.57143
0.36828,0.20847,0.33914,0.84287,0.625
0.23234,0.24749,0.24333,0.7643,0.75
0.71455,0.2323,0.27724,0.30376,0.83333
0.35335,0.25145,0.22166,0.94444,0.88889
0.72014,0.28855,0.20808,0.6127,0.83333
0.31513,0.26235,0.24409,0.75,0.875
0.29557,0.25161,0.33035,0.33333,1
0.54222,0.27908,0.25949,0.75,0.875
0.467,0.24864,0.31279,0.75,1
0.21877,0.23678,0.2521,0.56699,0.85714
0.24094,0.31462,0.28998,1,0.66667
0.24435,0.26383,0.2068,0.8,0.85714
0.24025,0.22948,0.49546,1,0.66667
0.38245,0.2948,0.29876,0.6,0.875
0.3459,0.27916,0.3231,1,0.25
0.22406,0.20396,0.57048,0.8,1
1.8847,0.25016,0.34736,1,1
0.342,0.2381,0.24137,1,0.75
1.4902,0.20627,0.2495,0.95,0.6
1.5343,0.22534,0.21878,0.95,1
0.51836,0.21748,0.29109,0.95,0.83333
0.28725,0.35822,0.20894,1,0.85714
0.20631,0.22166,0.24786,0.91667,0.85714
0.38925,0.29185,0.22661,0.88889,0.77778
0.97572,0.22444,0.26522,0.75,0.66667
0.97643,0.20824,0.25177,0.9,0.33333
0.24689,0.20775,0.25781,1,1
0.22385,0.21817,0.30013,0.84691,0.5
0.83997,0.20772,0.30015,0.72783,0.77778
0.31263,0.21245,0.3871,0.9375,0.8
0.29684,0.26337,0.36509,0.95833,0.83333
0.49954,0.28466,0.23167,0.8193,0.75
0.58914,0.28838,0.20123,0.83333,0.8
0.58919,0.21946,0.24796,0.91667,1
0.22076,0.29899,0.20032,1,1
0.49423,0.21186,0.23122,1,0.8
0.28245,0.29668,0.28273,0.66667,0.83333
0.22138,0.26155,0.24582,0.66667,0.8
0.25243,0.27631,0.28562,0.66667,0.8
0.25243,0.20848,0.24013,0.5286,0.875
0.25243,0.34317,0.20905,0.75,0.8
0.25243,0.20245,0.35806,0.5286,0.85714
0.25243,0.31678,0.25793,0.75,1
0.25859,0.24326,0.4201,0.66667,1
0.47071,0.25895,0.21852,0.8367,0.625
0.24636,0.37713,0.24943,0.88215,0.66667
0.44014,0.2989,0.21363,0.83333,0.625
0.52873,0.22215,0.3021,0.71132,0.85714
0.55906,0.22004,0.34277,0.55556,1
0.49843,0.21016,0.4709,0.66667,0.5
0.2232,0.23807,0.32092,1,1
0.20195,0.2575,0.25704,1,1
0.21215,0.2189,0.40004,1,1
0.60549,0.22956,0.31984,0.71716,0.83333
0.23455,0.30558,0.27427,0.875,0.875
0.26813,0.21419,0.24619,0.93333,0.75
0.30416,0.23981,0.32843,0.875,0.6
0.40291,0.30645,0.23952,0.93333,0.5
0.64637,0.21744,0.2269,0.8,0.83333
0.38363,0.23034,0.44577,0.8,0.66667
0.33197,0.23199,0.31423,0.52753,0.71429
0.22547,0.24223,0.37908,0.58726,0.75
0.48059,0.20591,0.25511,0.64645,0.875
0.23233,0.25516,0.30965,0.75,0.5
0.3799,0.20287,0.29355,0.5,0.66667
0.38117,0.24374,0.37879,0.52753,0.71429
0.21393,0.22039,0.40685,0.47585,0.5
0.35817,0.23708,0.41866,0.54211,0.8
0.28233,0.20955,0.30585,0.23686,0.77778
0.22687,0.21269,0.74965,0.23686,0.42857
0.44959,0.21341,0.24645,0.73333,0.75
0.2619,0.21842,0.67045,0.23686,0.75
0.2127,0.20816,0.75783,0.23686,0.33333
0.47852,0.22748,0.21681,0.54211,0.5
0.87655,0.22138,0.21027,0.86667,0.42857
0.56905,0.22905,0.22022,0.55556,0.875
0.25939,0.27943,0.20448,0.91667,0.88889
0.65015,0.21163,0.26672,0.55556,0.85714
0.26765,0.20422,0.26387,0.45567,0.33333
0.24193,0.2558,0.35327,0.83333,0.75
0.64263,0.28967,0.21106,0.66667,0.75
0.24525,0.27716,0.36049,0.66667,1
0.67375,0.22081,0.20905,1,1
0.3181,0.2294,0.25732,0.93333,0.875
0.75956,0.22516,0.23346,1,1
0.31501,0.30696,0.38443,0.8,0.4
0.27365,0.26198,0.24746,0.75,0.8
0.24875,0.2453,0.27959,0.79588,0.71429
0.25357,0.20828,0.3851,0.79588,0.875
0.25357,0.26124,0.40071,1,1
0.33929,0.27876,0.20702,0.86667,0.625
0.3461,0.23415,0.43471,0.83333,0.6
0.25444,0.27516,0.28101,1,1
0.49699,0.20344,0.41178,0.2063,0.83333
0.25884,0.20627,0.26496,0.75,1
0.3168,0.30874,0.30769,0.71716,0.875
0.6344,0.20529,0.3983,0.64645,0.71429
0.33633,0.24256,0.33363,0.83333,0.33333
0.23838,0.26607,0.30052,0.7643,0.71429
0.81785,0.21816,0.30114,0.79588,0.71429
0.46085,0.2512,0.2834,0.8,1
0.66614,0.21071,0.26725,1,1
0.68707,0.20121,0.33388,0.5286,0.85714
0.25495,0.35448,0.26215,1,0.66667
0.27939,0.2425,0.27455,0.88889,0.75
0.25495,0.26344,0.35383,0.66667,0.83333
0.30236,0.26139,0.43151,0.66667,0.83333
0.25538,0.27758,0.40006,0.93333,0.83333
1.0919,0.20168,0.27887,0.9,0.6
0.4713,0.24403,0.28244,1,0.875
0.80082,0.21736,0.24893,0.7,0.88889
0.33333,0.21681,0.3852,1,1
0.30144,0.33118,0.20667,0.91667,0.6
0.37949,0.32133,0.21132,1,1
0.2786,0.20817,0.48217,0.83333,1
0.49384,0.20977,0.30449,0.33333,0.83333
0.26543,0.31243,0.28613,0.9,0.85714
0.53891,0.21381,0.22433,0.65332,0.66667
0.45151,0.24686,0.2645,0.91667,0.66667
0.78631,0.21412,0.22592,0.8,1
0.52312,0.25682,0.29116,0.8,0.85714
0.34437,0.23766,0.21672,1,1
0.27978,0.21874,0.24625,1,1
0.59155,0.25041,0.3021,0.65359,0.66667
0.58376,0.24243,0.22605,0.9375,0.5
0.49337,0.2105,0.37925,0.79588,0.75
0.29874,0.2014,0.41816,1,1
0.58678,0.22824,0.28247,0.9375,1
0.57252,0.23327,0.40305,1,0.25
0.54346,0.23214,0.20672,0.75,0.875
0.23633,0.39096,0.23816,0.75,0.75
0.3325,0.22349,0.24666,0.9,1
0.59746,0.2442,0.25857,0.91667,0.75
0.37918,0.21587,0.3273,0.83333,0.5
0.65803,0.22241,0.21128,0.83333,0.5
0.71546,0.20647,0.39791,0.40472,0.9
0.5049,0.22371,0.44918,0.45567,0.71429
0.31144,0.25569,0.21987,1,0.5
0.23102,0.34542,0.25118,0.83333,1
0.46622,0.20452,0.33639,0.88889,0.8
0.29066,0.22262,0.28079,1,1
0.34197,0.33478,0.21673,1,1
0.63484,0.22495,0.29354,0.75,0.5
0.34819,0.20576,0.46241,0.64645,0.75
0.44559,0.3072,0.20144,0.9,0.66667
0.44509,0.256,0.26417,0.875,0.6
0.29299,0.36508,0.20482,0.93333,0.71429
0.38049,0.31404,0.25586,0.8367,0.875
0.42413,0.30112,0.26413,0.93333,0.75
0.61426,0.22753,0.28403,0.86667,0.5
0.36601,0.24904,0.35221,0.86667,0.77778
1.0959,0.20089,0.21084,0.86667,0.8
0.36588,0.23388,0.30373,0.81144,0.625
0.86967,0.25324,0.20378,0.42265,0.85714
0.64772,0.22369,0.25154,0.75,0.66667
0.73416,0.20126,0.33808,0.33333,0.75
0.53989,0.24739,0.20784,1,0.75
0.47032,0.27269,0.26017,0.83333,1
0.22979,0.20211,0.28427,0.88889,0.8
0.31413,0.21815,0.40674,1,0.8
0.32731,0.22378,0.37245,1,1
0.37889,0.27095,0.30738,0.9,0.66667
0.43684,0.21534,0.36995,0.93333,0.75
0.32854,0.30372,0.21105,0.9,0.66667
0.29139,0.2023,0.63657,0.33333,0.71429
0.62126,0.22028,0.29156,0.93333,0.75
0.35113,0.25465,0.21927,0.93333,0.57143
0.42824,0.25387,0.27025,0.83333,0.77778
0.23727,0.30694,0.2845,0.875,0.83333
0.42824,0.29172,0.23189,1,1
0.42824,0.2312,0.41315,0.55279,0.66667
0.50547,0.20718,0.34937,0.71716,0.8
0.47335,0.24323,0.37217,0.56967,0.6
0.25155,0.31615,0.22587,0.8,1
0.68903,0.24722,0.26609,0.93333,0.71429
0.34807,0.20814,0.40632,0.89459,1
0.31946,0.25811,0.20135,0.81743,0.625
0.20317,0.2454,0.36251,0.96667,0.8
0.42483,0.24376,0.46142,0.72037,0.5
0.3312,0.26049,0.51774,0.89089,0.28571
0.34874,0.26322,0.42376,0.85858,0.57143
0.88964,0.27897,0.22368,0.58398,0.625
0.68177,0.21317,0.30102,0.81144,0.66667
0.49805,0.29809,0.21131,0.91667,1
0.38741,0.28091,0.27945,0.83333,0.66667
0.38154,0.21217,0.30696,0.93333,0.8
0.23392,0.31772,0.26024,0.9,0.75
0.50517,0.21627,0.25464,0.6151,0.8
0.42955,0.2516,0.37295,0.73918,0.66667
0.36203,0.25884,0.42886,0.83333,0.57143
0.81489,0.20473,0.26362,0.95,1
0.30608,0.26714,0.22212,0.875,0.625
0.74614,0.25971,0.23159,0.875,0.42857
0.56665,0.25074,0.31207,0.7643,0.57143
0.36059,0.3201,0.20995,0.95833,0.875
0.91995,0.22619,0.20082,0.88889,0.66667
0.68173,0.27226,0.22935,0.86667,0.66667
0.93442,0.24001,0.23904,0.93333,0.625
0.44673,0.21161,0.31271,0.89672,0.7
0.20139,0.21446,0.242,0.71132,0.625
0.97477,0.24062,0.21586,0.85093,0.66667
0.20109,0.4163,0.29357,0.85714,0.42857
0.54969,0.20097,0.25868,0.91667,1
0.5329,0.28637,0.20095,0.875,0.71429
0.49247,0.2699,0.20613,0.875,1
0.33326,0.23661,0.43108,0.83333,0.5
0.21581,0.22167,0.26917,0.59175,0.75
0.37913,0.29184,0.26811,0.5,0.5
0.22452,0.39902,0.27899,0.33333,1
0.3513,0.26199,0.50499,0.75,0.33333
0.5838,0.24478,0.28437,0.64223,0.75
0.26011,0.20901,0.32759,0.68377,0.5
0.22526,0.20006,0.61492,0.82679,0.57143
0.22744,0.21715,0.20824,0.82679,1
0.27131,0.21457,0.36005,0.85566,0.42857
0.21073,0.23252,0.42122,0.82679,0.42857
0.37082,0.21002,0.27288,0.59715,0.7
0.24854,0.20582,0.29433,0.82679,0.57143
0.21078,0.2311,0.60685,0.82679,0.42857
0.42869,0.22244,0.29935,0.6138,0.42857
0.33207,0.25773,0.29104,0.26319,0.875
0.35979,0.20369,0.23037,0.70186,0.85714
0.20473,0.22163,0.27954,0.68377,0.71429
0.26697,0.25383,0.40019,0.75,0.71429
0.75675,0.21049,0.28612,0.71132,0.42857
0.32567,0.20058,0.51931,0.75,0.66667
0.22715,0.23654,0.35249,0.6151,0.71429
0.81719,0.21441,0.26422,0.75,0.85714
0.23188,0.20041,0.20339,0.71716,0.75
0.48521,0.28057,0.27538,0.71716,0.33333
0.67897,0.20575,0.29215,0.60315,0.625
0.24081,0.2289,0.21245,0.80921,0.77778
0.24392,0.20868,0.5049,0.84287,0.75
0.21984,0.2446,0.32621,0.80921,0.77778
0.19927,0.2282,0.42743,0.77778,0.625
0.90932,0.21327,0.22053,0.8069,0.72727
0.20488,0.25072,0.21128,0.89672,0.25
0.20332,0.2201,0.575,0.85394,0.7
0.21825,0.244,0.46527,0.69589,0.9
0.22875,0.22335,0.30047,0.62511,0.66667
0.20122,0.21699,0.33306,0.8,0.875
0.20122,0.2626,0.23669,0.82679,0.71429
0.20122,0.22714,0.26062,0.8,0.88889
0.26282,0.24785,0.63195,0.62511,0.375
0.27565,0.34536,0.24131,0.64645,1
0.41688,0.29385,0.2465,0.75,1
0.33854,0.22744,0.20238,0.77778,1
0.42403,0.25444,0.22537,1,0.83333
0.49149,0.22712,0.29932,0.875,0.83333
0.38783,0.213,0.33183,0.68377,0.875
0.30787,0.20525,0.44607,0.80755,0.625
0.29218,0.3184,0.20381,0.87628,0.8
0.21827,0.24421,0.3356,0.91056,0.85714
0.20733,0.20803,0.29906,0.87351,1
0.2124,0.21811,0.57183,0.85566,0.5
0.31937,0.31072,0.21013,0.94444,0.57143
0.33967,0.23882,0.22088,0.93333,0.875
0.23626,0.21559,0.41729,0.93333,0.88889
0.29194,0.23373,0.35767,1,1
0.28831,0.2015,0.20896,1,0.8
0.35127,0.25822,0.27387,1,0.66667
0.57558,0.23301,0.27126,0.71716,0.75
0.19837,0.33717,0.21947,0.83333,0.875
0.97653,0.20158,0.21347,0.61685,0.90909
0.77586,0.20833,0.29371,0.93333,0.55556
0.3084,0.24724,0.30546,0.8709,1
0.38461,0.2756,0.31227,0.94444,0.44444
0.86301,0.21411,0.2169,0.75657,0.6
0.20204,0.23754,0.40012,0.8158,0.625
0.22284,0.38368,0.22309,0.83333,0.9
0.20204,0.30461,0.41285,0.83333,0.57143
