0	485.6252	608.4141	405.3026	0	0	0	0	0	0	0	0	0	0	0	0	0	3.350186	66.30652
109.3371	213.8723	12.32286	0	0	0	0	0	0	0	103.3456	26.27392	0	0	0	0	0	4.319415	86.04089
0	0	0	0	0	201.6154	886.204	798.3904	168.4607	0	0	0	0	0	0	0	0	1.580767	6.286749
50.25389	0	0	0	0.9820282	19.96355	0	0	0	0	0	43.97215	460.5026	483.2137	483.2137	434.409	127.3617	1.959149	146.6873
152.8326	891.3882	938.4421	304.0067	0	0	0	0	0	0	0	0	0	0	1.537019	698.576	824.6569	4.040326	4.388919
1092.913	950.0907	582.564	0	0	0	31.7051	0	4.69705	77.50135	783.2292	635.273	808.7261	1166.23	1054.016	981.4684	983.7282	2.738967	66.53873
0	0	0	0	514.3403	837.8169	865.5947	831.5445	413.0858	0	0	0	0	0	0	0	0	2.813952	29.93365
4.991816	0	0	0	0	0	0	0	0	87.63418	501.4042	554.6489	130.4386	630.1084	418.7454	4.43717	0	4.138992	89.65356
0	0	0	0	0	0	0	0	0	0	0	0	0	0	0	0	0	4.051017	40.73523
0	66.11482	0	0	0	0	0	0	0	0	0	0	0	0	42.85605	124.0212	30.6261	2.364512	160.2428
16.45996	0	0	0	0	0	0	0	0	0	0	72.28416	901.9172	3.224325	0	0	0	3.858403	157.6328
400.3748	0	0	0	0	0	262.5972	434.2235	481.3638	764.0992	764.0992	764.0992	764.0992	764.0992	613.5717	53.26	0	3.517088	68.17689
0	0	0	0	0	0	0	0	0	246.6656	542.8307	25.33016	0	0	43.7697	0	0	2.72565	17.61304
352.2498	98.56885	12.2256	0	0	0	0	0	0	0	0	737.3557	764.0992	764.0992	233.8144	764.0992	572.3103	2.106453	100.089
0	195.4702	0	0	0	0	0	0	0	0	0	0	0	186.1171	914.8992	839.2421	874.498	2.879722	135.8777
0	0	0	0	0	0	0	0	0	16.8102	424.8392	597.5256	575.3667	61.89209	0	0	0	1.919216	21.84842
0	0	0	0	0	0	0	0	192.5787	1027.474	1163.695	1163.695	191.4044	0	0	186.7074	0	2.369019	38.1615
137.4845	0	0	27.32903	19.56318	0	0	0	26.72086	505.639	513.8607	513.8607	513.8607	148.7989	0	0	0	4.825928	103.6079
0	188.8823	4.624765	122.2993	73.48236	0	0	5.692894	0	0	0	0	0	0	20.52191	474.7807	459.8049	5.030974	63.8129
0	0	0	0	4.43717	335.0071	536.3318	557.9951	477.3908	152.5278	0	0	0	0	0	0	0	4.045388	12.45669
0	0	0	0	0	0	0	0	0	0	0	0	0	0	0	0	0	0.351106	168.4415
13.59035	947.9494	182.96	0	0	0	0	0	0	0	0	0	0	0	0	56.62401	163.7832	3.960866	30.72616
0	481.7641	383.6714	1.932841	0	0	0	554.6071	627.0007	414.8128	3.842548	0	0	0	224.2103	461.9522	483.2137	3.13951	62.70894
570.4266	768.5089	802.6569	863.9026	781.2324	768.5089	768.5089	768.5089	491.8022	3.762956	0	0	0	0	0	469.4334	768.5089	2.304276	154.786
0	0	0	0	0	142.9655	262.4478	96.32178	0	0	0	0	0	0	0	0	0	2.340209	54.70234
0	0	0	0	0	0	0	0	0	0	0	48.65774	66.35149	0	0	0	0	0.938744	36.72736
0	151.6604	0	0	0	0	0	0	0	0	0	0	0	0	21.48522	0	59.40038	0.6344348	152.618
0	0	0	0	0	0	0	0	0	0	0	0	0	0	0	0	0	1.132998	168.2769
0	0	0	0	0	0	0	0	0	0	0	0	0	0	0	0	0	4.064734	49.90164
0	0	0	0	0	0	0	0	0	0	0	0	0	0	0	0	0	3.814791	19.68192
0	0	0	0	0	0	0	0	0	0	0	0	0	0	0	0	0	1.392353	46.1065
1095.942	923.2313	926.2437	923.9844	923.2313	218.8071	0	15.26542	321.7468	230.1549	382.8081	1061.53	930.0111	734.9899	1120.038	967.9131	924.4865	1.813096	21.61427
848.9245	896.0606	393.3726	9.856736	0	0	2.688201	349.4658	917.0728	922.8654	262.5482	0.896067	0	0	0.896067	215.9688	1077.807	2.935676	168.1898
301.3088	0	0	0	312.8208	591.6298	555.5925	610.3721	415.4324	516.3797	193.5713	17.19403	0.5546462	0	0	0	0	4.428442	23.58401
114.7628	1172.588	1030.499	923.2313	923.2313	1101.542	1173.09	1174.264	1149.603	193.753	0	0	0	0	419.21	557.7851	1174.264	2.219426	31.33005
313.7693	0	0	0	0	0	429.3071	923.2313	923.2313	1007.324	1174.264	1174.264	1169.567	524.893	0	0	0	2.862993	122.9071
719.8431	956.617	923.2313	923.2313	923.2313	517.0155	0	0	0	0	0	0	0	585.9543	1174.264	1174.264	501.0857	2.885757	36.8197
0	2.723194	40.92223	0	0	0	0	63.74462	178.6742	2.036305	0	0	0	0	0	0	42.71172	3.978277	10.82358
214.0628	483.2137	465.3347	171.0566	40.10645	0	0	0	1.630763	0	0	0	0	406.3825	483.2137	483.2137	483.2137	3.109682	62.50159
729.2196	0	0	0	0	365.3196	1064.478	890.6843	306.455	35.84268	6.272469	38.53088	332.4407	896.0606	284.3199	284.1597	0	2.637573	75.60545
828.9448	318.8598	786.3604	423.4651	289.8588	513.6958	822.5462	778.4274	788.6023	836.1436	954.3565	859.7895	768.5089	768.5089	705.8625	606.9801	566.6263	3.528445	60.70028
479.0618	0	0	158.4803	768.5089	771.3658	948.1207	796.8233	775.3452	791.2725	711.7374	300.8389	0	0	0	427.2552	0	3.90594	164.5167
201.7857	25.51372	503.6228	554.6489	616.7802	564.3135	522.4806	78.75978	0	0	0	0	303.1801	513.8607	513.8607	513.8607	398.2433	4.308502	97.94323
0.7685096	197.1502	49.28747	0	0	0	134.6005	679.3636	767.7404	768.5089	753.139	513.369	0	0	0	0	109.2053	2.567596	45.75245
561.108	617.6592	1170.741	1174.264	1174.264	1117.026	937.7906	923.2313	895.5348	59.08722	0	0	0	0	0	0	9.3941	2.93897	117.4805
403.8957	513.8607	513.8607	513.8607	101.2309	1.109292	437.064	544.4116	507.9531	223.522	0	0	0	22.60996	446.0318	513.8607	513.8607	4.282197	36.10589
461.1158	631.917	894.3934	741.4412	901.2104	618.6472	158.6114	3.159592	0	24.5923	579.4595	768.5089	472.605	768.5089	768.5089	469.5632	286.8904	1.62116	154.2598
749.1758	0	0	0	0	0	0	0	247.7687	388.6794	964.4857	1174.264	1174.264	1173.762	445.3545	5.871313	469.9967	1.368603	2.119049
55.56922	0	82.62892	482.7305	483.2137	483.2137	69.58231	0	0	0	0	0	0	0	0	0	0	1.918276	153.4512
0	0	0	0	0	0	0	0	0	0	0	0	0	0	0	0	0	1.052705	177.5157
260.5579	0	0	0	366.0035	764.0992	764.0992	764.0992	764.0992	563.3552	433.2977	484.571	339.2284	132.0628	0	0	0	3.089555	66.67258
275.7612	906.6495	521.064	45.49814	0	0	0	0	0	0	0	0	0	230.8059	631.917	828.532	751.8691	1.122215	174.0751
0	0	0	0	0	0	0	0	0	0	0	0	0	0	0	0	0	3.698969	69.56607
0	0	0	0	0	0	0	0	0	0	0	0	0	0	0	0	0	0.4075743	61.19858
513.8607	429.0345	513.8607	513.8607	513.8607	513.8607	513.8607	513.8607	513.8607	513.8607	394.1325	342.2331	483.0294	151.2592	598.307	633.6523	499.5362	3.739531	45.49617
0	0	0	0	0	16.43968	0	0	0	0	0	0	0	0	0	0	0	1.173071	167.6214
700.7743	0	0	0	63.70341	109.8654	1002.201	1174.264	1105.227	923.2313	923.2313	923.2313	923.2313	923.2313	128.3302	0	0	2.851517	132.0335
0	0	0	0	0	0	0	0	0	0	0	0	0	0	0	0	0	1.458434	156.6887
118.7433	0	0	0	0	0	54.56836	0	0.5138628	390.0216	513.8607	513.8607	513.8607	266.0782	0	0	0	4.767208	78.06293
8.474795	512.833	498.2289	253.7708	0	0	0	0	0	0	0	0	0	170.7469	170.9685	486.9548	513.8607	4.587267	79.09604
0	0	0	0	0	0	0	0	0	0	0	0	0	0	311.4401	137.1803	0	4.068123	168.7103
108.1562	0	0	0	0	0	0	172.1446	265.1549	201.8909	568.9528	583.3244	233.3256	554.6489	589.8245	508.5061	8.319692	4.277715	96.86523
28.18231	0	0	0	0	0	0	0	935.8824	1156.649	386.3308	0	0	0	0	0	0	3.228025	162.7982
26.06836	0	0	0	0	0	0	0	0	0	0	404.3392	554.6489	543.5564	134.2246	0	0	5.090648	33.04537
850.7817	768.5089	768.5089	762.4409	760.2122	768.6133	895.3395	999.4484	1000.751	805.7852	769.9899	581.765	490.3134	722.6878	794.3065	992.259	781.1401	3.412443	29.06866
0	0	0	0	0	0	0	0	0	0	0	0	0	0	0	0	0	0.4485542	108.2648
793.933	859.3237	809.3876	814.2579	827.1392	987.3752	801.9744	768.5089	768.5089	544.1088	269.0411	527.0122	700.3456	772.6482	944.9575	720.5344	899.3164	3.322122	175.468
51.8198	1.541588	0	0	3.865681	2.416051	0	0	0	0	505.0696	758.7505	764.0992	421.7365	510.2637	513.8607	239.7168	3.165199	176.3257
14.97545	0	0	0	0	0	0	0	0	338.3351	554.6489	543.0018	186.9156	94.28997	0	0	0	4.564435	144.7198
0	0	0	0	0	0	0	0	0	0	0	0	0	0	3.268846	1.51898	0	4.415817	135.6715
0	476.3493	173.6862	0	0	0	0	0	0	1.109292	390.4728	501.9589	443.7199	126.9649	465.5583	510.7776	509.7498	4.836329	21.3323
0	0	0	0	0	0	0	0	0	0	0	0	0	0	0	29.32947	0	4.111291	158.3924
0	466.3012	342.5981	8.214572	0	0	0	226.7101	466.4891	424.456	110.459	0	0	0	103.4069	440.2076	474.5158	2.17199	60.75797
2.198992	0	0	0	0	0	0	0	0	0	0	0	0	0	0	0	0	4.61045	176.6064
500.147	346.7409	97.06322	390.4728	554.6489	554.6489	283.424	1.663939	0	0	0	1.663939	300.6184	563.8629	554.6489	1139.034	591.264	4.52672	140.085
11.64757	8.117998	0	0	0	262.9017	544.111	171.9403	0	0	0	0	0	0	0	25.30576	134.4358	4.332777	25.0708
322.1215	0	0	0	0	0	0	0	1031.745	899.921	887.9961	764.3402	612.0105	8.064603	10.6409	276.7617	0	2.267505	67.23845
507.4273	483.2137	483.2137	483.2137	482.7305	272.5318	153.6609	197.6335	434.409	483.2137	483.2137	483.2137	483.6151	483.8547	483.2137	483.2137	483.2137	2.694381	122.651
0	0	0	0	0	0	0	0	0	0	0	0	0	0	0	0	0	0.8196944	71.00226
191.4044	1061.53	870.1241	98.22535	307.4383	645.7902	1174.264	1174.264	1174.264	112.7292	0	0	0	0	0	0	7.045575	1.828684	171.1112
0	0	0	0	0	0	0	0	0	0	0	0	0	0	0	0	0	1.779415	44.17887
0	0	0	0	0	0	0	0	0.3503157	12.20261	0	0	0	0	0	0.4588842	0	4.229421	1.13797
0	0	0	0	0	0	0	0	0	0	0	0	0	0	0	0	0	4.682024	28.68364
0	0	0	0	0	0	0	0	0	0	0	0	0	0	0	0	0	1.774977	98.48598
236.8334	0	0	0	0	0	0	0	98.17252	241.2705	501.9589	556.3415	555.855	277.8481	0	0	140.6676	4.828229	152.1444
0	0	0	0	251.2915	0	0	0	0	0	0	0	0	0	0	0	0	1.023702	160.5318
0	524.2662	223.2941	53.86463	0	0	0	0	0	0	0	0	0	0	0	252.192	794.9714	2.681305	174.9739
539.454	137.5379	408.7931	660.9458	764.0992	764.0992	764.0992	764.0992	764.0992	764.0992	617.3922	2.292301	0	0	0	0	0	2.252101	8.697174
0	0	0	0	0	0	0	0	0	0	143.3707	313.6235	0	0	0	0	0	3.332479	159.6487
0	0	0	0	0	0	0	0	0	0	0	0	0	0	0	0	0	1.754626	118.4782
0	0	0	0	0	0	0	0	0	0	0	0	0	0	0	0	0	2.623937	23.4601
418.9899	513.8607	513.8607	513.8607	513.8607	297.0219	5.047515	0	0	0	0	98.29564	311.9157	513.8607	513.8607	513.8607	513.8607	4.214595	73.42981
0	1.05991	45.12498	36.97045	0	0	0	0	0	242.9344	414.3231	361.6306	44.06087	330.4145	430.6162	408.5204	198.8659	4.930398	50.68803
0	0	0	0	0	0	0	0	0	0	0	2.759546	0	0	0	0	0	4.665933	169.4539
388.0203	483.2137	483.2137	483.2137	483.2137	483.2137	72.48156	0	0	0	0	0	158.493	483.2137	483.2137	555.0267	500.506	2.921846	56.05799
54.56415	254.8791	762.361	768.5089	494.156	319.7506	544.7152	80.88565	0	0	0	0	0	0	0	0	211.657	1.391492	130.9324
692.8115	0	0	351.1032	669.3264	1151.701	1174.264	1174.264	1113.445	92.61349	0	0	0	0	0	0	0	1.345402	118.3859
476.5594	513.8607	513.8607	511.8053	149.1537	0	0	0	0	125.3421	350.5597	346.344	504.0974	513.8607	513.8607	513.8607	513.8607	4.351885	37.927
243.4458	1160.172	1173.09	921.7913	4.69705	0	0	0	109.2065	1030.997	1174.264	1174.264	1167.737	972.6829	923.2313	923.2313	1089.83	2.161344	91.10286
287.3923	14.21656	26.2016	293.867	557.7117	0	0	0	0	0	0	0	0	0	873.6143	389.4572	31.3882	3.124115	176.5262
