408.0884	168.4345	81.03653	684.9836	833.1915	856.3566	702.1336	638.1368	264.4558	436.7134	499.297	523.1137	501.6572	490.086	359.1918	58.93034	468.2557	3.604178	79.14436
643.5711	636.112	691.7813	682.8403	870.3385	699.5574	369.4796	456.0638	59.15105	0	0	0	12.85892	606.9399	857.2536	857.2536	798.2173	2.430158	142.6696
0	0	0	0	0	0	0	0	0	0	0	0	0	0	0	0	0	3.64603	70.44775
0	0	0	0	0	0	0	0	0	0	0	0	0	0	0	0	0	4.95716	46.49451
0	0	0	0	0	0	0	0	0	0	0	0	0	0	0	0	0	4.042418	126.8567
141.9792	1154.298	728.362	1.154302	0	0	0	0	0	0	0	0	12.69732	991.5417	1160.82	1160.977	1154.298	6.228949	112.2596
144.6793	173.9742	488.1018	495.1002	445.2811	0	0	0	0	0	0	0	0	266.3905	881.8501	881.8501	480.6137	3.104518	172.8445
75.80579	0	0	0	0	0	0	720.988	790.1324	475.9477	0	0	11.43545	60.80688	0	210.9469	0	2.276351	129.4836
29.54181	0	0	0	0	0	0	0	0	0	922.3164	1817.991	4.275827	0	0	0	0	3.435296	155.466
0	0	0	0	0	0	0	0	0	0	0	0	0	0	0	0	0	4.246095	83.90521
234.4001	491.1147	121.5126	0	0	0	0	0	157.9101	0.7092568	0	139.5947	723.2841	723.2925	752.7268	734.9504	723.2853	1.312411	29.03053
0	0	0	0	0	0	0	0	0	0	0	0	0	0	0	0	0	2.595766	13.45847
0	0	0	0	0	0	0	0	0	0	0	0	0	0	0	0	0	5.704152	118.3721
280.6565	0	0	0	0	0	0	0	0	4.48337	63.057	618.1537	459.7568	366.079	690.9839	909.0292	595.5645	4.753317	13.50882
0	0	0	232.8096	464.7401	0	0	0	0	0	0	0	0	0	0	0	52.0295	1.721189	25.90115
0	15.91236	514.2601	607.5615	577.1843	209.0298	0	0	0	0	0	0	0	0	0	118.6195	0	1.306199	123.6033
0	0	0	0	0	0	0	0	0	0	0	0	0	0	0	0	0	1.517519	27.32809
1383.983	417.0863	772.1922	1586.914	1586.914	1586.914	1586.914	1586.914	1586.914	1586.914	1586.914	1586.914	980.7131	4.760751	0	65.39474	164.259	4.822735	61.48956
177.7829	0	0	0	0	0	0	0	302.2114	478.1816	516.4074	1124.844	194.1175	305.7386	9.263359	0	0	2.819313	155.9781
3.425471	1481.938	1629.68	246.19	0	0	0	0	0	0	0	0	0	0	341.9305	1567.63	1407.457	2.78423	53.15698
0	0	0	0	0	0	0	0	0	0	0	0	0	0	0	0	0	3.745635	4.962769
0	0	0	0	0	0	0	0	0	0	14.4421	1063.269	1362.712	941.4658	45.4128	0	171.3603	2.084405	60.37891
73.97314	0	0	0	0	679.369	73.53778	0	0	0	160.3864	925.4767	1036.299	801.0266	793.8173	269.9467	0	5.068779	87.47092
881.8501	881.8501	881.8501	881.8501	881.8501	881.8501	881.8501	881.8501	602.3081	322.7596	418.0012	832.4673	448.8665	223.1092	311.2953	774.2661	881.8501	2.307096	143.0188
0	0	0	0	0	0	0	0	0	0	0	0	0	0	0	0	0	3.488967	40.18719
41.55484	0	0	0	0	0	0	0	517.1257	1172.807	1211.32	1154.298	196.6231	4.622494	1.284025	0	0	6.377697	107.69
0	0	0	0	0	0	0	0	0	0	0	0	0	0	0	0	0	3.87576	62.87451
268.9518	1562.507	1213.219	1154.298	1057.337	3.462905	0	0	0	0	0	0	0	0	898.0436	1154.298	1306.2	6.277919	113.4757
185.839	123.359	801.0266	801.0266	801.0266	801.0266	801.0266	801.0266	547.1015	0	0	0	0	0	0	0	0	7.031901	141.9016
881.8501	586.6501	751.2548	338.8026	126.2354	701.9556	664.0366	712.5376	881.8501	804.2485	445.339	480.6137	652.5728	125.2237	561.1266	32.62869	180.4956	3.760855	138.4363
0	0	0	0	0	0	0	0	0	0	0	0	0	0	0	0	0	3.744609	54.25474
280.7857	28.28963	0	0	1498.94	2064.818	1812.911	1453.632	1990.485	2064.814	883.6328	0	0	0	0	871.6942	479.2101	4.321933	23.8525
0	0	0	0	0	0	0	0	0	0	0	0	0	0	0	0	0	3.838853	65.49756
751.535	1180.549	948.1638	887.7653	866.2797	727.1758	632.0347	735.0058	845.7728	501.269	541.7897	857.2536	857.2536	656.6597	557.5755	651.2604	804.5504	3.457695	58.04279
380.8283	6.39621	0	0	389.4633	722.1896	723.2841	723.2841	723.2841	682.7812	113.5564	876.7844	564.1902	1616.107	807.9217	954.5494	359.1408	0.5198933	149.4335
470.0313	881.8501	881.8501	881.8501	62.61176	0	0	0	0	0	0	1.763712	10.58227	75.83964	645.5181	306.886	881.8501	2.218762	57.17907
0	0	0	0	0	66.51759	149.4525	2.680192	0	0	0	0	0	0	0	0	0	4.727485	173.0475
1052.116	0	0	0	0	365.9128	1154.298	1156.131	1229.76	1372.844	1299.236	1154.298	1154.298	1154.298	722.8194	880.7292	24.24033	6.521547	7.148032
225.8548	171.2925	0	0	0	9.407914	97.21521	0	0	3.805477	758.8528	904.8628	761.4085	527.3313	762.8625	910.8766	667.5725	4.306118	175.9026
1586.914	1586.914	795.6761	184.5036	69.73223	169.102	1038.263	1345.519	1034.135	1421.691	1586.914	1586.914	1586.914	1586.914	1586.914	1586.914	1586.914	5.120563	117.5143
0	0	0	0	0	0	0	0	0	0	0	0	0	0	0	0	0	4.086692	115.5703
0	0	0	0	0	0	0	0	0	0	0	0	0	0	0	0	0	6.831992	28.67352
138.8296	663.6625	669.5867	801.9529	857.2536	857.2536	648.0873	39.43403	0	0	0	0	0	0	0	101.6056	617.4101	3.68744	18.19513
0	0	0	0	0	0	0	0	0	0	0	0	0	0	0	0	0	1.398206	167.4295
344.8062	192.4419	283.2581	536.7485	822.7671	881.8501	881.8501	881.8501	881.8501	881.8501	604.0718	0	0	0	0	0	3.243395	1.678641	10.57412
0	0	0	31.43542	884.754	1275.484	1232.38	604.0349	0	0	0	0	0	310.1728	0	0	0	4.540333	12.49808
176.4485	0	0	0	0	0	87.51802	650.9575	723.2841	723.2841	723.2841	682.1161	558.6592	441.0977	393.287	737.4008	992.0784	0.6957335	105.3484
0	104.7805	159.7433	0	0	0	0	0	0	0	0	181.2324	530.9967	323.2584	725.7651	686.0825	292.7761	4.152074	31.32614
0	0	0	0	0	0	0	0	0	0	0	0	0	0	0	0	0	1.657249	87.27661
0	1711.69	1726.132	1199.585	0	0	0	0	0	0	0	2.571784	487.7828	167.1657	0	0	825.8214	4.084351	134.7705
526.2477	724.2249	723.2841	666.9879	11.56608	0	0	0	0	0	27.99568	56.46061	107.5179	507.0272	728.9897	293.13	735.113	1.235138	13.93085
0	0	0	0	0	0	0	0	0	0	0	7.95618	611.7657	723.2841	718.2213	609.008	66.54263	1.182093	16.9736
723.2841	36.37294	44.96936	209.523	704.4792	723.2841	723.2841	735.0857	764.6099	754.2928	739.4926	760.8031	723.9856	583.2701	723.2841	309.5671	1265.141	0.2092341	76.56469
0	0	0	0	0	0	0	0	0	0	0	0	51.26604	270.7477	250.7221	21.62784	0	5.768165	157.2433
0	0	0	0	0	0	1.395776	124.3288	29.31129	0	0	0	0	0	0	0	0	2.509788	172.6311
0	0	0	0	0	0	0	0	0	0	0	0	0	0	0	0	0	2.939595	109.1593
742.4295	318.2467	521.4927	436.1063	65.81934	14.41509	341.2797	390.984	631.7441	374.5938	1311.993	466.6871	784.6655	777.3761	577.3315	308.6657	1067.254	0.754827	42.28195
0	104.5859	13.48611	402.0331	253.3873	0	0	0	0	0	0	0	0	73.16859	0	0	0.8572612	2.196928	57.6296
1154.298	1154.298	1155.361	1165.038	1171.823	1154.298	1100.046	266.6432	27.70323	4.617207	27.70323	416.7018	399.3874	293.192	527.5143	1118.514	1154.298	7.239791	58.46762
1586.914	1407.737	1478.177	1586.914	1586.914	1586.914	1586.914	1586.914	1586.914	1586.914	1586.914	1586.914	1586.914	1586.914	1586.914	1586.914	1576.656	5.56328	174.4743
0	0	0	0	0	0	0	0	0	0	0	0	0	0	0	0	0	7.364341	114.8852
0	0	0	0	0	0	0	22.52621	689.3082	1027.564	356.8785	0	0	0	170.075	0	0	5.571751	67.9159
711.4052	1586.914	1586.914	1586.914	1586.914	1163.537	115.4958	1.586917	0	1.540824	0.5136052	8.731086	0	0	0	0	1061.646	3.892562	134.5821
0	0	0	0	0	0	0	0	0	0	0	0	0	0	0	0	6.194435	2.540649	39.0921
0	0	0	0	2.709252	481.982	716.0793	624.5898	85.14882	0	0	0	0	0	0	0	0	3.718928	167.3254
0	0	0	0	0	0	214.625	1237.22	1467.964	1330.707	420.086	0	0	0	0	0	308.6057	2.549419	148.5842
0	0	0	0	0	0	0	0	0	0	0	0	0	0	0	0	0	4.209947	151.8291
20.98943	0	2.139254	679.7931	2048.317	98.35043	0	0	0	0	0	0	0	131.6048	0	0	0	3.550685	20.16937
0	0	52.71095	819.2159	0	0	0	0	0	0	0	0	0	0	0	0	79.06641	6.572491	26.30917
0	0	0	0	0	0	0	0	0	0	0	0	0	0	0	0	0	3.364699	86.75345
579.7051	909.8788	906.3564	905.7275	893.7896	358.0943	26.45569	57.08677	346.57	872.1499	881.8501	881.8501	881.8501	823.6489	655.7581	469.9229	945.8793	3.909752	139.0131
70.25731	0	58.39822	164.2225	411.2364	479.2595	607.4212	544.9323	320.6642	0	0	0	0	0	329.0961	648.0644	92.58105	1.517269	38.90405
736.059	649.1251	697.8206	817.2932	838.6783	969.4761	1590.312	773.9637	810.4831	855.8733	672.6104	495.9966	854.0328	768.6957	642.0418	639.5258	704.8401	2.996344	131.1194
0	0	0	0	0	0	0	0	233.2765	1326.66	1548.828	1563.111	1469.483	545.8986	0	0	0	6.202179	72.31674
38.38383	0	0	0	0	207.9713	704.7986	838.4999	986.6279	682.4277	212.6006	0	0	0	0	0	0	1.420445	30.13233
147.472	0	0	0	440.1061	875.77	912.113	871.7801	575.853	864.2134	380.9628	0	0	0	0	309.0477	0	4.292953	120.9455
46.2972	0	0	425.5818	478.1816	228.2992	546.5844	477.2773	47.76411	0	0	0	0	0	0	0	0	2.740906	26.52652
0	0	0	0	0	0	0	0	0	0	0	0	0	0	0	0	0	4.113584	81.41819
35.76758	0	0	0	0	10.69114	1638.063	1710.357	752.4212	14.9739	0	0	0	0	0	0	0	3.99489	173.1818
0	0	0	0	0	0	0	0	0	0	0	0	0	0	0	0	0	4.031586	116.0279
0	0	0	0	0	0	0	0	0	0	0	0	0	0	0	0	0	4.29478	24.72331
0	0	0	0	0	0	0	0	0	0	0	0	0	0	0	0	0	6.855789	64.83875
0	0	0	618.5748	930.6139	1017.466	1029.529	786.8256	0	0	0	0	0	0	0	0	0	2.420274	141.309
0	0	0	0	0	0	0	0	0	0	0	0	0	0	0	0	0	4.55046	176.1519
231.4975	0	0	0	0	0	0	0	771.3886	801.0266	801.0266	800.2255	801.0266	274.7529	801.0266	117.7518	0	6.69555	77.52831
570.3312	0	0	0	0	0	0	1.602062	788.2101	801.0266	801.0266	639.2194	515.0605	688.082	365.2687	801.0266	692.0871	6.54547	60.85286
0	0	0	0	0	0	0	0	0	0	0	0	0	0	0	0	0	7.199305	66.65515
39.7796	650.8652	985.244	749.7024	813.8934	706.4966	361.505	0	0	0	0	0	0	0	0	0	78.16349	1.364754	99.96627
0	1420.115	834.588	889.1489	1815.87	1960.107	1606.454	298.3435	0	0	0	0	0	530.9788	0	244.846	1304.907	3.064341	94.31808
1186.963	995.0046	555.2175	594.4636	1029.634	1154.298	1143.909	1135.829	1154.298	1286.993	1373.686	1213.692	1155.461	1154.298	1232.627	1540.552	1298.317	6.528272	92.7692
1201.646	1420.595	206.4816	28.90741	49.55557	225.0652	4.129632	147.9521	1266.38	600.3948	103.9855	0	0	0	0	755.6246	2064.818	2.239462	118.3975
473.2057	1277.116	121.1412	0	0	0	0	18.61661	21.14979	0	0	0	0	0	42.08029	453.3162	477.7034	3.046384	19.49265
734.8016	723.7447	723.2841	723.2841	723.2841	723.2841	723.2841	725.6808	772.8505	728.9086	650.9575	220.6023	88.24131	128.0222	409.3821	723.8272	590.0067	0.5904316	51.84705
760.1743	19.22475	4.806187	17.62269	177.8288	797.8224	801.0266	787.4091	189.0431	16.02062	4.806187	16.02062	157.8031	786.6081	801.0266	801.0266	440.5651	6.726268	83.2973
687.1721	363.9233	447.1717	1588.589	472.219	675.6257	802.6329	615.1185	593.2993	753.114	125.2032	343.8648	47.03267	5.405659	261.6352	604.027	369.2384	0.8376136	125.0819
495.7507	149.0576	89.14867	139.178	361.9603	424.5439	384.5093	369.4376	440.9942	361.8072	166.8074	108.7947	151.9334	62.95592	352.0417	354.3612	598.629	3.451708	146.1077
0	0	0	0	0	0	0	0	0	0	0	0	0	0	0	0	0	4.193024	106.1063
0	0	0	0	0	0	0	0	0	0	0	0	0	0	0	0	0	4.515917	152.9588
210.6106	1507.317	2064.818	1040.586	0	0	0	0	0	0	0	0	0	0	0	0	204.4161	2.633546	132.8107
111.444	0	0	0	0	0	0	33.24128	346.8397	482.4685	855.5391	857.2536	857.2536	106.3004	0	0	0	3.928397	164.1152
