260.248	2008.679	2070.803	1963.072	260.8615	0	380.6972	309.0474	863.2668	863.2668	710.466	69.92416	0	0	1405.975	2070.798	2041.811	1.325255	115.2229
627.0625	45.99385	1013.104	1079.749	1184.714	808.4001	807.025	746.4995	55.68511	0	0	45.55784	0	0	387.4713	40.7711	56.57175	1.672422	37.47708
398.7761	0	0	0	0	0	0	0	0	0	474.5042	863.1557	863.1557	863.1557	765.6187	309.8707	0	2.448459	103.6076
890.9896	713.2048	684.8409	725.4105	791.754	900.5877	1042.905	817.5165	742.5269	675.726	677.9341	642.3175	680.2405	660.0847	679.744	808.5059	696.2381	1.18529	123.266
0	0	0	0	0	0	0	0	0	0	0	0	0	2.07311	0	0	0	6.25253	4.951832
857.6763	48.83206	10.65427	0	0	7.102848	339.1612	556.6855	530.937	847.0217	887.8641	887.8641	887.8641	639.2582	55.9349	4.43928	0.8878559	4.613897	125.138
0	0	0	0	0	0	0	0	0	0	0	0	0	0	0	0	0	3.573925	8.695953
127.4996	0	0	0	0	0	0	0	47.2627	366.0077	371.6557	423.3575	366.75	366.4172	344.7586	154.2453	0.3663769	4.176702	93.4587
719.7885	755.3624	741.1375	731.018	702.5771	802.2704	991.771	703.8796	703.8796	766.6827	768.7977	708.0356	734.8341	779.1	733.2399	755.31	736.4537	1.839493	152.1101
0	0	0	0	0	0	0	0	0	0	0	0	0	0	0	0	0	6.215886	83.82697
0	0	0	0	0	0	0	0	0	0	0	0	0	0	0	0	0	6.789757	11.11124
0	0	0	0	14.65508	228.9866	158.2755	0	0	0	0	0	0	56.64959	53.3227	193.2474	22.75669	4.561978	136.4124
0	0	0	0	0	0	0	0	0	0	0	0	0	0	0	0	0	1.458415	42.61768
932.1083	589.1578	1734.133	1981.753	520.0715	0	0	0	0	0	0	0	749.0181	2077.919	1697.428	538.9484	651.8081	6.254553	157.8767
0	0	0	41.41632	0	0	0	0	0	0	0	0	0	275.286	471.2908	17.61832	0	2.917315	96.76596
0	0	0	0	0	0	0	0	0	0	0	0	0	0	0	0	0	1.666387	118.3748
360.6707	367.1684	458.0209	502.0817	379.6692	360.4931	83.16782	2.564638	0	0.3663769	28.21102	5.495654	0	1.465508	46.16356	326.074	366.7185	3.163744	84.4147
411.6361	921.5273	43.63604	0	0	229.5397	508.3881	219.6035	0	0	743.8814	1112.575	1011.237	764.7864	656.1803	874.7841	1418.972	1.886467	71.9151
718.3461	710.5358	714.2249	742.2794	773.3954	745.8524	775.7587	750.469	731.018	695.4741	949.3977	887.6733	515.2458	345.6089	420.925	749.5404	773.5614	1.7429	80.05064
0	0	0	0	0	0	54.54506	0	0	0	17.18612	378.8861	506.7909	0	0	0	0	3.302924	86.65366
0	0	0	0	0	0	0	0	0	0	0	0	0	0	0	0	0	3.27708	40.15042
700.2518	0	0	545.0484	514.1477	5.207329	92.85577	790.2014	2153.93	1660.3	0	0	0	1544.952	989.9893	0	0	6.671077	92.26543
0	0	0	0	0	0	0	0	0	0	0	0	0	0	0	0	0	4.231502	62.62683
0	0	0	0	0	0	0	0	0	0	0	0	0	0	198.623	12.86542	0	5.855688	102.4524
0	0	0	0	0	0	0	0	0	0	0	0	0	0	0	0	0	6.017124	43.51553
1372.911	281.6307	1940.342	2016.894	86.92513	0	156.2502	192.5074	157.1135	0	159.3799	2068.718	1822.306	238.1437	0	0	0	1.672964	151.7279
722.0368	731.1012	733.077	746.4658	781.0132	732.2729	705.9888	704.1592	804.7109	753.6381	743.9904	883.0558	725.7087	703.8796	706.7651	731.018	775.858	2.114542	158.6861
0	0	0	0	0	0	0	0	0	0	0	0	0	0	0	0	0	2.096466	167.118
6.228407	0	0	0	0	0	409.8811	709.8185	731.018	728.0939	648.413	139.0235	0	320.5786	360.8786	131.8962	260.5075	2.824612	162.0465
0	0	0	0	0	0	0	0	0	0	0	0	0	0	0	0	0	5.784532	101.5664
0	0	0	0	0	0	0	0	0	0	0	0	0	0	0	0	0	2.32443	103.6216
6.363587	26.36344	0	0	0	0	0	0	0	0	0	109.3678	1532.042	1558.913	909.9352	986.0358	838.4207	2.091478	81.40382
0	0	2.663568	135.842	6.214992	0	0	0	0	0	0	0	0	0	0	14.80691	0	4.340221	173.7162
0	0	0	0	0	0	0	0	0	0	500.274	802.7401	90.13313	0	0	0	0	5.88565	71.14934
316.9689	1890.96	1790.728	1483.198	1986.339	2189.181	1260.603	0	0	0	0	0	0	161.7975	1234.444	1486.066	1119.188	6.600025	48.97366
851.4611	297.304	0	19.53283	511.4037	757.346	779.543	887.8641	887.8641	887.8641	887.8641	356.9182	4.43928	0	0	16.86926	109.7265	4.97558	122.4703
670.6595	717.3723	8.632608	2.532775	117.7741	123.0697	734.9092	639.4624	641.8766	682.316	714.7116	789.689	781.3782	753.0543	495.5096	863.2668	863.2668	0.7484839	137.9926
165.6562	0	0	0	0	0	0	0	0	0	309.8622	553.53	148.0111	902.7014	319.5814	29.90768	0	3.592842	131.1599
0	0	0	0	0	0	0	0	0	0	0	0	0	16.6694	32.297	0	23.51053	4.437973	65.66699
0	0	0	0	0	0	0	0	0	0	0	0	0	0	0	0	0	8.841915	13.36444
0	0	0	0	0	0	0	0	0	0	0	0	0	0	0	0	0	8.593551	74.27386
0	28.9743	70.91727	231.2351	726.2703	728.9339	455.4693	102.2399	172.7104	0	0	0	0	154.8055	0	0	0	5.581843	128.3946
0	0	0	0	0	0	0	0	0	0	0	0	0	0	0	0	0	1.632861	109.0843
0	0	0	0	0	0	0	0	198.8802	775.9915	875.4338	874.546	763.5612	16.86926	0	0	0	4.798529	66.07005
0	0	0	0	0	0	0	0	0	0	0	0	0	0	0	0	0	3.054562	169.3212
0	0	0	0	0	0	0	0	0	0	0	0	0	0	0	0	0	3.585953	164.6723
889.7809	148.9993	360.3084	548.6157	965.6301	1490.865	21.5588	0	0	0	0	127.393	1079.371	185.1076	118.6252	301.1654	118.6252	5.123363	18.86346
778.0108	935.5539	809.8338	657.2108	771.951	802.5963	630.674	634.5351	707.1483	752.0883	684.3027	634.0836	653.0234	763.506	784.4998	1525.784	934.6299	1.483615	33.82947
61.40551	0	0	0	0	0	0.7310178	365.3361	731.018	731.018	730.287	384.5155	0	20.88348	0	0	174.9746	2.748171	159.4369
0	880.0919	735.0602	0	0	0	0	0	0	0	0	250.5353	447.6219	23.61495	0	0	0	0.9741749	158.9772
0	0	0	804.4202	1435.207	1519.63	1408.128	621.2372	0	0	0	0	47.55415	0	3.077344	2.301666	0	6.048538	165.6047
726.8149	0	0	0	163.4895	2062.506	1952.767	880.0921	447.2948	691.6494	1654.572	735.1362	565.3263	0	0	0	0	4.363785	41.99344
594.7822	807.0251	504.3972	0	0	0	0	0	0	663.3778	807.025	807.025	710.9912	378.4994	395.4471	690.0091	807.0251	3.71669	155.8357
147.0416	856.0134	252.2462	0	0	0	0	6.042826	731.1848	422.1332	0	75.38262	849.637	911.0149	844.6895	847.1105	915.6531	0.5947929	141.7283
1024.462	248.7732	59.55469	63.91235	137.9927	447.3506	539.9875	1557.875	574.2491	3.393223	0	0	0	158.7511	1676.322	742.7171	532.7714	5.118344	64.24237
0	0	0	0	0	0	0	0	0	0	0	298.1971	1085.101	952.5699	6.212432	0	0	4.944655	49.23819
159.9141	0	0	0	0	0	0	0	0	0	0	359.9994	1592.903	1581.112	1089.074	292.4329	13.54389	4.620687	69.27008
47.61481	798.1479	807.025	807.025	807.025	753.7626	102.4928	0	0	0	0	0	0	0	12.42486	310.7082	368.8149	2.045582	16.74542
703.3904	0	0	0	3.453043	0	0	75.96696	328.9022	222.7217	392.4034	752.968	651.6015	327.8149	648.2995	568.6417	31.0265	0.9299892	23.83669
1567.383	0	0	0	324.8318	1478.153	581.7762	486.2757	0	0	0	0	0	484.8746	2149.37	1674.499	101.4479	6.299239	154.7242
357.2349	1159.859	1159.859	1390.435	1370.01	1164.454	134.5435	0	0	0	0	0	0	0	0	975.4355	1159.859	5.358284	55.8596
1249.71	1160.341	1191.981	1334.649	1201.576	1159.859	1159.859	1159.859	1159.859	1159.859	1361.031	1471.234	1219.496	1225.83	1159.859	1159.859	1159.859	5.604542	7.999359
0	68.14629	0	0	0	0	0	0	83.27972	260.4933	209.1689	15.00974	0	0	0	32.24117	256.465	4.572605	21.34857
120.9993	494.6544	239.5358	0	0	0	0	0	0	0	0	0	49.65559	418.213	153.1793	861.449	481.3079	5.067206	129.1969
0	0	0	0	0	0	0	0	0	0	0	0	0	0	0	0	0	3.506275	102.4252
99.77279	23.55207	0	0	0	0	0	0	0	0	584.2097	857.6763	218.4132	527.3855	887.8641	887.8641	718.2219	4.187342	46.95233
0	0	0	0	0	0	0	0	0	0	0	0	70.08837	39.82292	0	0	0	6.256587	149.5877
0	78.51604	0	0	0	0	0	0	0	0	0	356.1672	480.3627	0	6.042826	16.40196	0	0.8602498	70.56366
722.3686	853.2283	900.5389	858.0871	812.3332	55.24872	158.3881	277.9029	126.1554	326.3124	207.1829	117.4034	479.2102	680.1227	642.4401	715.4355	833.3575	1.122306	66.44642
0	0	0	0	0	0	0	0	0	0	0	0	0	0	0	0	0	2.204936	17.28214
0	350.1642	0	0	0	0	0	0	0	0	0	0	0	107.9121	0	383.1987	1283.929	4.363534	18.98088
91.59786	754.8986	727.7504	352.4208	0	40.90879	759.9979	1070.131	1039.287	940.5511	866.3483	234.5439	0	0	330.7544	731.018	731.018	2.013148	59.07076
466.8862	0	0	0	0	138.7441	403.0194	0	0	0	0	0	0	0	0	88.09155	105.7098	3.875005	22.96127
20.72979	0	0	0	0	0	0	0	0	0	0	0	137.362	1307.339	1896.281	419.4512	0	7.96698	20.16374
440.3759	882.4244	780.6351	265.7389	581.5461	887.8641	887.8641	880.7611	314.3015	444.8151	887.8641	887.8641	887.8641	659.8143	282.2481	487.4685	827.2612	4.543007	140.1804
0	0	0	0	0	0	0	0	0	0	338.8968	331.2031	128.9652	0	0	0	0	4.297743	62.74228
23.24087	0	0	0	0	209.811	411.045	334.5746	484.1899	530.2202	469.9184	27.11435	0	0	0	0	0	4.857211	18.11985
0	0	0	0	0	0	0	0	0	0	0	0	0	0	0	0	0	2.563209	33.97925
48.96643	915.9229	0	0	0	0	0	0	0	0	0	225.0373	598.0999	1405.306	1583.867	1589.718	1535.559	4.356929	155.7654
478.1911	0	0	0	300.4484	731.018	731.018	734.2529	760.4568	746.0074	730.287	564.1436	158.6309	60.6745	0	0	0	2.856855	114.4905
0	0	0	0	0	0	0	0	0	0	0	0	0	0	0	0	0	6.503366	69.40414
0	0	0	0	0	0	0	0	0	0	0	0	0	0	0	0	0	7.035038	86.63068
16.14063	807.0251	807.0252	764.2538	69.40479	0	614.4389	180.5876	0	0	0	0	0	0	0	245.3382	769.0958	3.810385	96.08064
0	0	0	0	0	0	0	0	0	0	0	0	0	0	0	0	0	3.89364	174.4062
1.266388	0	0	0	0	0	0	0	0	0	429.0392	574.9308	355.6198	583.1638	183.537	98.35117	2.589783	0.7218936	28.08106
113.6661	0	0	0	0	4.639427	586.8854	1159.859	1159.859	1159.859	704.0304	0	0	0	0	283.0045	0	4.906614	56.08908
0	0	0	0	0	0	0	0	0	0	0	0	0	0	0	0	0	2.405982	12.22937
0	0	0	0	0	0	0	0	0	0	0	0	0	0	0	0	0	1.473177	77.81393
631.5064	0	13.56122	826.0001	917.4813	328.2466	276.8839	541.5916	256.6566	201.5027	837.3757	916.3605	166.8521	0	0	0	0	4.486614	110.5062
0	0	0	0	0	0	0	143.1487	147.5533	0	0	0	0	0	0	0	0	3.234199	97.745
0	0	0	0	0	0	0	0	0	0	0	0	0	0	0	0	0	2.834965	35.01965
57.98284	1105.81	0	0	0	0	0	0	0	0	0	0	0	0	308.5512	2041.812	2064.59	2.597448	21.32986
0	0	0	0	0	0	0	0	0	0	0	0	0	0	3.72317	0	0	5.226772	117.7524
708.4233	0	378.2335	703.0219	731.6213	745.208	736.9574	734.2495	733.339	731.9527	338.376	7.048583	0	0	1.714081	32.89581	0.7310178	1.871975	31.48456
158.7264	0	134.6027	2025.245	1857.439	165.6488	0	0	0	0	0	0	586.7122	807.025	709.3772	5.649216	0	1.427837	164.6201
972.437	961.5324	1357.947	470.7642	7.272671	0	0	0	165.4991	996.4942	940.9152	598.1763	40.90879	0	0	15.45443	322.7255	2.357545	105.279
0	13.15832	20.4685	10.55832	283.6668	166.8214	0	0	0	0	0	0	0	0	0	0	0	2.512857	146.2426
1592.903	1030.201	949.879	815.4755	610.0766	1579.831	1592.903	1592.903	1592.903	1592.903	1592.903	1592.903	1592.903	1592.903	1592.903	1592.903	1413.728	6.061701	124.6986
0	0	0	0	0	0	0	0	0	0	0	0	0	0	0	0	0	3.630345	103.2266
0	0	0	0	0	0	0	0	0	0	0	0	0	0	0	0	0	1.653321	131.6381
