0	0	0	836.7862	970.7598	502.9502	652.2979	1306.792	184.4883	0	0	0	0	0	0	0	0	6.060679	70.62402
539.6312	723.2841	723.2841	501.9641	0	338.1199	510.1516	726.7845	1347.321	562.598	460.8387	4.26414	476.1196	723.2841	723.2841	723.2841	723.2841	1.863046	152.3215
77.87652	0	0	0	0	20.74442	0.634885	207.5914	884.1505	341.9008	0	0	103.1639	548.811	614.5631	420.2218	0	1.963345	64.95703
235.7864	0	0	0	0	0	0	703.7192	877.4409	773.3843	103.1773	322.375	476.719	489.3756	511.453	525.0413	217.1521	1.757975	28.95883
256.973	1934.893	1867.679	2154.687	2187.181	1016.071	0	0	0	0	0	6.198065	1303.226	1829.259	1467.34	1649.522	862.1496	4.565627	12.27515
0	0	0	0	0	0	0	0	0	0	0	0	0	0	0	0	0	5.398241	114.2085
0	0	0	0	0	0	0	948.7969	30.74805	0	0	0	0	0	41.7295	0	0	4.78607	5.292761
852.5525	0	0	0	0	0	0	503.3858	1031.326	941.7711	527.6597	299.8246	330.3546	831.501	1261.415	410.6804	1.806168	1.047392	97.04713
0	845.2862	1153.63	8.555221	0	0	0	0	0	0	0	0	0	0	0	0	0	5.703002	108.1362
8.239023	0	0	0	0	1132.948	2139.643	2174.017	2084.75	1749.732	235.4075	50.4017	0	0	0	0	0	4.142957	56.73451
323.6154	0	0	0	0	0	0	0	711.3117	801.0266	801.0266	801.0266	801.0266	801.0266	801.0266	800.2255	626.403	4.851969	175.014
0	0	0	404.5726	757.7889	573.9722	0	0	0	0	0	0	0	0	0	0	0	4.300608	165.7066
543.0964	801.0266	801.0266	185.038	0	0	0	0	0	0	81.70529	801.0266	801.0266	792.2153	631.2092	625.602	370.8759	5.708469	17.87411
0	0	0	0	0	0	0	0	0	0	611.166	68.10571	113.5646	0	0	0	0	3.97103	5.990479
0	0	0	0	0	0	0	0	0	0	0	0	0	0	0	0	0	6.95632	176.7267
0	0	0	0	0	0	153.5357	353.8284	30.70707	0	0	0	0	0	0	0	0	3.571179	19.45554
274.4861	0	0	0	0	0	0	1145.839	797.0519	798.7267	738.3712	1020.637	826.7369	804.6862	0	0	0	4.255146	119.8928
303.5684	0	0	266.3201	881.8501	880.0864	758.3931	148.1519	154.3349	540.2548	479.7273	502.0938	520.8524	485.8961	59.81044	0	0	1.81139	38.73285
0	1206.166	347.1888	0	0	0	0	0	0	0	0	0	0	0	0	311.0001	1226.816	2.07184	66.97354
92.34416	0	0	0	0	0	0	0	514.8171	1141.6	1268.155	1362.35	1261.899	1113.897	236.6315	0	0	7.082425	124.1895
71.52364	2108.015	2013.121	1052.308	2.06711	44.1444	32.73854	0	0	0	0	0	0	0	0	0	1040.777	3.942625	161.4138
0	0	0	0	0	0	0	0	0	0	0	0	0	0	0	0	18.46883	5.992508	45.4639
396.4597	572.2911	777.8459	373.7966	365.3317	120.3656	1.441509	0	485.023	881.8501	879.2046	178.1348	0	0	119.9334	942.9747	767.7321	0.7621869	136.7758
823.6926	377.8594	364.568	368.071	522.3533	532.7006	841.2847	625.573	923.8597	930.342	540.8585	520.7513	1198.198	360.3799	603.7108	373.9483	367.4656	1.274968	90.43655
224.9428	530.7213	1139.265	864.3219	801.0266	426.9477	0	88.6769	429.4405	0	0	0	0	0	0	0	0	4.066867	144.0905
44.84394	107.5918	398.8037	30.60387	0	105.6003	693.6302	723.2841	735.0661	723.7509	560.5986	5.063024	0	0	0	361.2506	266.6135	2.906935	135.0445
0	0	0	0	0	0	0	0	0	0	0	0	0	0	0	0	0	7.159634	68.84161
656.1001	804.2485	251.3285	86.42194	68.78477	0	0	0	0	0	5.291137	704.6011	881.8501	881.8501	881.8501	881.8501	881.8501	0.4950006	53.59461
0	0	0	0	0	0	0	0	0	0	0	0	0	0	0	0	0	3.803813	70.31631
0	19.46037	13.33396	0	0	0	0	0	0	0	0	0	0	0	0	0	0	1.242754	44.06705
0	0	402.1758	283.5284	0	0	0	0	0	0	0	0	0	0	0	0	0	1.650927	164.9855
764.5659	0	396.7516	881.8501	881.8501	881.8501	881.8501	881.8501	881.8501	881.8501	859.8042	699.3101	485.023	0	0	0	0	0.3650155	124.4863
0	0	0	0	0	0	0	0	218.8704	879.6125	582.2786	0	0	0	0	0	0	4.65879	130.0893
540.9325	852.1102	700.1488	639.1813	754.4191	830.686	826.0756	301.7554	150.0206	101.1569	0	0	424.3542	0	0	97.72782	857.2536	1.922863	39.85213
0	0	0	0	0	0	0	0	0	0	0	0	0	15.71157	0	8.153525	102.86	3.761587	27.56096
0	0	0	0	0	0	0	0	0	0	0	0	0	0	0	0	0	3.926531	131.4813
0	0	101.0293	195.4697	0	426.1467	718.521	634.4133	80.10328	0	0	0	0	0	0	0	0	6.795604	80.52258
584.6714	44.0928	832.4673	881.8501	881.8501	881.8501	881.8501	583.7896	14.16662	393.7384	465.3534	275.9704	0	0	0	0	0	2.10772	86.09531
0	357.2133	1823.235	2056.558	123.8887	0	413.3303	757.7712	773.7917	701.6994	199.4565	0	0	0	0	0	0	4.404107	98.54266
12.12016	0	807.3983	0	0	0	0	0	0	0	0	0	0	183.7582	1921.635	403.5276	0	5.453022	57.76166
245.1758	857.2536	857.2536	622.5372	513.4158	857.2536	857.2536	700.3789	0	0	0	0	386.625	0	0	0	402.9131	1.686736	49.87723
0	0	0	0	0	0	0	0	0	0	0	0	0	0	0	0	0	6.286939	110.975
678.0485	1010.912	2196.717	1653.529	543.8818	379.2275	894.1097	6.20133	4.131442	1001.161	731.9259	0	0	544.8882	0	0	0	4.998462	66.83228
0	0	0	0	0	0	0	0	0	0	0	0	0	0	0	0	0	1.288351	163.6904
0	0	0	0	0	0	0	0	0	0	0	0	0	0	0	0	0	3.820733	110.885
0	0	0	0	0	0	0	0	0	0	0	0	0	0	0	0	0	3.897052	62.97162
0	0	0	0	1.027231	1.797618	4.108832	7.190443	0	0	0	0	0.5136358	0	0	0	0	4.542855	10.12073
86.96671	0	0	0	0	0	0	0	0	0	0	0	33.10589	124.4032	916.8401	865.8756	307.3802	1.807093	147.7213
0	0	0	0	0	0	0	0	0	0	0	0	0	0	0	0	0	3.466352	156.9998
0	0	0	0	0	0	0	0	0	0	0	0	0	0	0	0	0	3.828185	142.4206
1100.199	0.256811	0	0	0	0	0	287.3501	1586.914	1586.914	1586.914	1586.914	1586.914	1586.914	1586.914	1586.914	1265.1	5.763376	164.919
88.91459	801.0266	801.0266	801.0266	801.0266	481.4174	0	0	0	0	0	0	0	0	0	241.9108	791.4142	6.00444	105.0177
534.9537	0	0	663.7214	1154.298	1154.298	1292.199	1422.442	1154.298	1041.177	462.8737	71.56668	9.244805	0	0	0	0	7.750778	156.5911
0	0	0	0	0	0	999.3116	0	0	0	0	0	0	0	17.57032	0	0	4.888538	11.73248
0	144.0683	457.4756	381.481	24.25287	0	0	0	0	0	0	0	0	0	0	0	0	2.718901	126.4015
0	0	0	0	0	0	0	0	0	0	0	0	0	0	0	0	0	6.705029	75.60742
707.5569	1.946275	0	0	0	0	0	0	0	581.2264	1083.836	1086.439	689.5232	584.144	824.9832	201.3883	46.96036	1.133746	77.21277
0	0	0	0	0	0	0	0	0	0	0	0	301.8825	457.3655	6.196778	0	0	5.039224	19.45987
0	0	0	0	0	0	0	0	0	0	0	0	0	0	0	0	0	3.718052	49.87931
723.2938	614.0709	615.2489	227.5358	53.00278	131.8518	607.5615	723.2841	723.2841	723.2944	760.3698	747.3585	755.7511	739.153	742.1194	577.0126	723.2841	2.087049	99.39371
0	0	0	0	0	0	0	0	0	0	0	0	0	0	0	0	0	3.535114	56.07722
0	0	0	0	0	0	0	0	0	0	0	0	0	0	0	0	0	1.42988	102.7578
0	0	0	0	0	0	0	0	0	0	0	0	0	0	0	0	0	5.96663	62.60194
84.8689	329.188	850.3957	806.6765	303.4699	857.2536	857.2536	529.7884	0	0	80.50726	1174.774	1616.691	1470.056	472.7762	0	0	3.555768	119.4985
3.081619	0	9.521502	1094.971	1555.176	1018.826	0	0	0	0	0	0	0	0	4.622477	0	0	4.919909	79.94547
0	0	0	0	0	55.63756	0	0	4.131434	0	0	0	0	0	0	0	0	5.445824	141.8131
729.9659	759.7394	690.9086	690.6194	643.7587	629.8938	621.3137	300.0408	805.8193	857.2536	857.2536	298.3263	708.0941	851.524	694.7496	785.9998	923.1727	2.867053	65.48163
0	0	0	0	0	0	0	0	0	0	0	0	0	0	0	0	0	3.650515	5.922821
0	0	0	0	0	0	0	0	0	0	0	0	0	0	0	0	0	3.484984	127.7439
6.417762	230.5076	1527.227	83.16285	0	0	0	0	0	0	0	0	0	0	0	0	0	5.079124	79.4455
0	0	0	0	0	0	0	0	0	0	0	0	0	0	0	0	0	6.338323	175.1027
0	0	0	0	0	0	0	0	0	0	0	0	0	0	0	0	0	1.904669	47.87457
98.72421	0	0	0	0	0	0	0	0	315.8434	1678.392	1079.1	808.0461	1019.908	1608.144	508.011	0	3.054039	96.52274
0	0	0	0	0	0	0	0	0	0	0	0	0	0	0	0	0	3.318684	57.69183
0	0	125.819	77.3382	0	0	0	0	0	0	0	0	0	0	0	0	0	6.201979	144.9172
0	0	0	0	0	0	0	0	218.4487	604.7373	32.07276	0	0	0	0	0	0	6.044584	156.3295
0	0	0	0	0	0	0	0	0	0	0	0	0	0	0	0	0	5.235665	134.4892
0	0	16.28797	125.6585	593.3282	326.4492	0	0	35.64959	630.2691	869.3969	890.8719	815.7487	408.6058	145.0841	0	0	3.00642	159.9636
0	0	0	0	0	0	0	6.92581	708.739	1085.04	1094.274	38.09194	0	0	185.8424	0	0	6.458839	4.93988
474.7762	0	0	0	98.63128	678.7169	817.6774	966.8943	844.5471	653.8832	857.2536	853.8246	513.5009	0	0	0	0	3.225625	162.193
0	0	0	0	0	0	0	0	0	0	0	0	0	0	0	0	0	4.127785	165.7251
0	0	0	0	0	0	0	0	0	0	0	0	0	0	0	0	0	5.149274	9.074133
0	0	0	264.3346	966.1472	1127.749	1172.114	997.8105	204.3112	0	0	0	0	318.4774	0	0	0	6.813201	3.557159
0	0	0	0	0	0	0	0	0	0	0	0	0	0	0	0	0	3.308619	29.35144
49.2636	0	0	0	0	0	0	0	0	0	400.5861	715.8926	722.8956	1080.957	387.6423	909.8348	104.6321	4.09403	173.8094
0	0	0	0	0	0	0	0	0	0	0	0	0	0	0	0	0	1.282117	103.4401
0	0	0	0	0	0	0	0	0	0	0	254.7472	462.697	381.0455	54.43524	0	78.16349	3.360259	121.8387
0	0	0	325.1107	683.632	721.5612	468.6998	14.44934	37.1868	5.262274	0	0	0	0	0	0	0	1.352099	20.09198
0	0	0	0	0	0	0	0	0	0	0	0	0	0	0	0	0	3.265294	58.18518
0	330.3671	290.0559	0	0	0	0	0	0	0	0	0	0	0	62.98229	0	0	5.005492	85.78656
0	0	0	0	0	0	0	0	0	0	0	0	0	0	0	0	0	3.25238	67.14255
682.587	570.2712	514.8245	398.8321	361.8285	350.308	152.0791	100.1846	152.4395	468.106	214.196	127.9335	203.5533	1144.031	649.517	1530.018	586.8259	1.037006	142.194
0	0	0	0	0	0	0	0	0	0	0	0	0	0	0	0	0	3.232468	120.872
153.4496	835.8226	278.6091	857.2536	857.2536	811.8199	28.28963	0	0	371.5881	1038.526	737.0181	4.121547	0	0	720.9526	857.2536	3.499481	74.02264
0	0	0	158.0399	391.9383	189.6481	0	261.0632	29.12474	0	57.07463	0	0	0	0	0	82.67423	1.555378	14.43735
0	0	0	0	0	0	0	0	0	0	0	0	0	0	0	0	0	4.790939	167.0548
127.4998	0	0	0	0	0	744.4894	1787.806	541.9866	39.25467	0	198.2522	0	0	0	0	0	5.530056	106.5041
0	0	0	0	0	0	0	0	0	0	0	0	0	0	0	1.802096	65.77648	4.789892	85.00488
19.71701	857.2536	844.0534	646.1041	640.1237	248.9969	0	0	0	0	0	0	237.3136	0	0	131.161	854.6819	2.338549	26.16228
3.851963	0	0	0	0	165.0651	1145.063	1032.199	303.8375	0	0	0	0	0	0	9.758672	0	7.796081	95.86633
