0	0	0	0	0	0	143.9966	198.5999	25.12692	0	0	0	0	0	0	0	0	0.7214748	118.1145
714.4327	12.82128	129.2584	697.6226	764.0992	764.0992	764.0992	764.0992	764.0992	764.0992	764.0992	764.0992	764.0992	405.7458	43.81045	12.06951	4.556629	1.183146	147.4736
938.2927	923.2313	959.8806	1167.988	1174.264	578.6917	56.31751	305.6387	1091.419	942.8111	923.2313	923.2313	923.2313	923.2313	923.2313	923.2313	923.2313	3.747885	32.4823
7.370762	0	0	223.7271	483.2137	459.5362	141.5805	0	0	92.49528	501.0143	513.8607	513.8607	473.78	123.327	205.9129	0	1.482058	179.0566
57.1643	126.4102	504.0974	513.8607	447.4513	0	0	0	0	0	0	0	104.4625	0	0	0	0	2.78656	79.1958
0	0	0	0	0	0	0	0	0	0	0	0	0	0	0	0	0	5.44104	69.23108
0	0	0	0	0	0	0	0	0	0	0	0	0	0	0	0	0	5.484068	121.6209
51.1947	764.0992	724.366	71.06128	0	0	0	0	0	0	0	0	0	0	0	0	712.1404	0.7203807	110.5594
346.5643	554.6489	613.1473	537.9496	105.383	0	0	44.70605	458.3643	513.8607	513.8607	513.8607	513.8607	284.6814	0	2.773231	368.2865	2.282468	160.1083
237.2511	218.0476	0	0	0	0	0	12.65516	256.6301	0	0	0	0	0	0	0	42.36403	5.057721	25.34891
0	0	0	0	0	0	0	0	0	0	0	0	0	0	0	0	0	2.215046	7.684901
1156.568	378.1111	553.7518	1120.792	1000.296	953.8558	965.4033	977.4525	533.5441	0	0	50.49331	89.24398	18.7882	22.31099	273.6023	651.7126	3.436009	162.1005
377.923	0	0	233.4155	513.8607	513.8607	513.8607	513.8607	513.8607	513.8607	513.8607	513.8607	366.8162	0	0	0	0	2.092282	123.3109
235.3597	0	0	0	0	0	0	0	565.4334	764.0992	580.7154	468.1276	513.8607	513.8607	513.8607	246.7814	0.5138628	1.19494	151.1244
1.537019	0	0	0	0	0	0	0	0	0	527.2019	537.9608	194.6304	619.2791	577.1694	214.2197	0	2.014309	145.0719
14.4208	0	0	0	0	0	0	0	0	0	0	0	0	173.0496	544.6656	554.6489	261.7924	3.700198	42.4653
867.9604	768.5089	768.5089	768.5172	843.1404	925.3884	768.1896	371.1921	154.4703	153.7018	473.4058	770.117	967.0122	853.2404	768.5089	768.5089	768.5089	2.686834	1.242706
0	0	0	0	0	0	0	0	0	0	0	0	0	0	0	0	0	1.855041	97.3363
0	0	0	0	0	0	0	0	0	0	0	0	0	0	0	0	0	5.845446	136.0407
0	897.2255	616.8052	547.2189	38.2649	0	0	72.96477	0	0	0	0	170.7512	0	0	0	260.5863	2.406745	152.9872
24.7094	0	0	0	0	0	197.099	709.084	763.3351	764.0992	757.2223	475.5449	43.6514	0	0	0	0	1.512887	162.1095
0	0	0	0	0	0	0	0	0	0	0	0	0	0	0	0	0	1.067798	169.2673
0	0	0	0	0	0	0	0	0	0	0	0	325.9033	306.515	0	0	0	2.385165	136.2498
45.20378	0	0	0	0	0	0	0	2.562168	67.08969	431.3451	0	0	0	28.02979	0	0	6.821623	63.55773
0	0	0	0	0	24.15809	161.8874	414.9454	357.788	87.2557	0	0	0	0	0	0	0	1.681477	168.0458
0	0	0	0	0	0	0	0	0	0	0	0	0	0	0	0	0	5.660664	102.6217
0	0	0	0	0	0	0	118.6006	0	0	0	0	0	0	0	0	0	2.77407	51.2919
0	0	0	0	0	0	0	0	0	0	0	0	0	0	0	0	0	2.298291	92.65625
0	243.6063	114.6962	75.49561	215.6162	505.0128	72.68652	0	0	0	0	0	0	0	0	0	101.4496	5.241438	176.003
0	156.2247	23.60064	0	0	0	0	0	0	0	0	0	0	0	0	226.3801	362.5609	3.447553	137.7114
0	0	576.5602	1174.264	1136.686	589.4771	0	0	0	0	0	0	0	0	0	0	0	3.902307	134.2615
0	36.60663	41.59844	0	0	0	0.4533514	40.73099	0	0	0	11.11384	0	0	0	0	0	2.471149	96.33916
0	0	0	0	0	0	0	0	0	23.53454	0	0	0	0	0	15.8525	2.227651	6.325968	103.8162
63.58482	0	0	210.2203	508.1157	513.8607	513.8607	513.8607	444.17	125.0966	0	0	0	0	0	0	0	2.1192	167.6764
0	0	0	0	0	0	0	0	0	0	0	0	0	0	0	0	0	1.531212	72.66834
142.6748	0	0	0	34.4288	441.921	513.8607	275.432	371.0598	554.6489	612.9232	568.4303	554.6489	554.6489	548.6884	58.2378	0	2.330176	84.83942
764.0992	764.0992	764.0992	764.0992	764.0992	764.0992	764.0992	764.0992	764.0992	492.1713	79.49165	15.9707	31.6129	92.75075	522.7842	539.4743	764.0992	1.009961	97.07004
248.498	513.8607	479.9463	13.31151	262.9017	547.9934	556.4464	597.4327	560.0361	554.6489	285.6426	0	0	0	0	377.1753	513.8607	2.338067	22.68059
498.9436	133.9668	703.187	768.5089	768.5089	768.5089	768.5089	571.006	78.38792	6.916585	0	78.35797	518.8074	661.553	878.4434	891.187	628.1256	2.711824	60.66602
0	0	0	0	0	0	0	0	0	0	0	0	0	0	0	0	0	2.810991	104.7642
3.740073	0	0	0	0	0.4306848	0	0	0	0	0	0	0	0	0	0	0	6.576934	65.93848
905.2186	417.2491	8.219837	0	97.46382	400.4219	776.1837	1174.264	1174.264	1174.264	1091.671	933.272	923.2313	923.2313	923.2313	923.2313	941.8069	3.485913	151.4303
923.2313	923.2313	923.2313	923.2313	932.2681	1121.544	1171.753	775.485	577.9479	922.891	930.511	923.2313	923.2313	923.2313	923.2313	954.1072	981.9706	3.65126	68.28595
297.3925	0	0	0	0	0	76.0824	768.5089	883.0013	881.2214	1009.948	451.5459	0	0	0	282.6049	0	3.312423	136.4276
3.821014	24.37998	0	0	0	0	0	0	0	143.5564	224.4906	0	0	0	0	0	0	6.512273	131.7384
0	13.74246	4.134768	0	0	0	0	0	0	0	0	191.0408	271.105	0	0	0	0	6.150182	153.9515
0	0	0	0	0	0	0	0	0	0	0	0	0	0	0	0	0	5.630561	130.8181
0	0	0	0	0	0	0	0	0	0	0	0	0	0	0	0	0	5.697866	130.9369
0	0	0	0	0	0	0	0	174.7135	496.4123	544.111	575.6927	434.5552	37.71592	0	0	0	2.183187	73.49677
0	0	0	0	0	0	0	0	0	150.3055	924.1398	851.336	265.3825	0	0	0	0	4.194955	162.1773
986.74	923.2313	923.2313	923.2313	923.2313	923.2313	923.2313	923.2313	940.7792	1067.401	1174.264	1174.264	1096.759	348.006	922.2189	923.2313	923.2313	3.434623	153.0758
15.69506	12.92534	789.3647	879.1236	873.6469	854.8588	85.72119	0	0	0	0	0	179.8104	0	0	0	0	2.576868	65.58962
514.2212	483.2137	483.2137	483.2137	483.2137	401.0671	285.5786	401.5503	483.2137	483.2137	483.2137	483.2137	483.2137	483.2137	480.7976	483.2137	483.2137	1.048496	104.0424
157.9795	0	642.476	749.2966	481.8596	231.9132	682.7755	869.4096	902.7027	615.4877	8.214939	0	0	0	0	0	0	2.219648	9.635862
77.57821	0	0	0	0	0	0	53.24237	175.5487	4.09418	0	0	0	0	0	5.176669	24.41945	5.894662	26.504
923.2313	923.2313	923.2313	923.2313	923.2313	1118.532	1114.516	974.6908	923.2313	923.2313	923.2313	969.9213	1117.779	1146.147	958.1235	923.2313	923.2313	3.521719	154.7218
28.43484	0	0	0	523.3594	768.5089	348.1364	416.4355	619.2791	418.3313	0	0	0	0	0	0	0	2.001368	11.70367
0	1047.438	955.8447	30.53083	0	0	0	0	0	0	0	0	0	0	0	137.3887	892.4349	3.732177	95.33923
13.31151	0	0	0	0	0	0	0.5546462	300.0637	554.6489	554.6489	381.0436	1.663939	91.51672	0	0	0	3.519722	175.51
268.6661	483.2137	489.1776	512.9148	483.2137	459.5362	0	0	0	0	0	0	0	197.1502	483.2137	483.2137	483.2137	1.295735	22.28833
29.95088	0	0	0	0	0	0	0	0	0	0	384.3716	554.6489	498.6309	79.31443	0	0	3.267539	160.6039
119.032	0	4.09427	470.0356	56.38133	35.50665	0	0	0	0.2932028	0	0	0	0	39.90944	0	0	6.459007	47.64236
0	0	0	0	0	0	0	0	33.00043	844.8948	725.2161	535.4033	761.4527	802.3373	8.810567	239.894	0	4.388862	4.033478
0	0	0	0	0	0	0	0	0	0	0	0	0	0	0	0	0	5.905965	68.57875
154.6478	0	20.46716	253.6558	0	0	0	0	0	0	110.4255	3.569874	0	0	9.325169	0	0	6.307768	172.3133
43.80067	467.0155	41.04379	0	0	0	0	0	239.9755	513.8607	513.8607	513.8607	144.7301	464.2422	561.9731	260.3099	552.4304	2.188656	169.5031
0	0	0	0	0	0	0	0	0	0	0	0	0	0	0	0	0	1.041575	81.3642
334.4035	63.34381	5.433417	0	42.11516	274.197	863.8026	960.4969	633.7729	0	0	0	0	0	82.21883	26.80037	57.70899	5.811533	148.5984
38.82521	0	113.0498	430.6162	492.7926	118.9227	508.6147	624.6676	555.7184	554.6489	558.1414	357.748	0	0	0	0	0	2.252028	22.2713
231.1858	0	0	0	0	0	0	0	20.60954	337.817	1014.477	1065.017	1074.483	1022.183	896.0606	422.9424	0	4.048907	144.0089
54.79848	510.1095	513.8607	513.8607	513.8607	508.2687	287.1176	0	0	0	0	0	0	0	0	193.5024	162.959	2.225266	129.3521
164.5721	0	218.5482	757.9864	764.0992	764.0992	764.0992	764.0992	761.8069	179.1183	0	0	0	0	0	0	0	1.387376	126.4131
62.786	450.6957	300.5805	25.58881	0	0	0	0	0	0	0	0	0	0	0	0	60.01686	6.122835	17.3437
0	0	0	0	0	0	0	0	0	0	0	0	140.9115	858.3815	864.2528	0	0	4.407198	37.64609
14.91814	0	8.413774	6.338062	0	0	0	0	21.78983	358.2563	58.11946	0	0	0	0	0	0	6.642121	144.3533
0	0	0	0	0	0	0	0	0	0	0	0	0	97.67126	402.3331	377.2435	35.84268	5.064439	139.7557
0	0	0	0	0	0	0	0	0	0	0	0	0	0	0	0	0	5.47074	100.2197
115.6412	267.3006	631.917	866.9349	805.1621	783.4094	272.9879	13.27028	0	0	0	0	0	0	0	0	205.5802	2.342113	39.44438
0	0	0	0	0	0	0	0	574.255	324.98	0	0	0	0	0	0	52.62457	2.577158	17.09242
764.0992	196.3735	334.6755	728.9506	764.0992	764.0992	764.0992	764.0992	751.1095	657.1253	756.4582	764.0992	764.0992	655.5971	764.0992	693.038	294.1782	0.7996874	47.34372
120.0211	0	0	0	0	0	0	0	0	0	457.9278	925.7415	923.2313	309.4041	923.2313	990.505	462.544	4.960622	62.19549
0	0	0	0	0	0	0	0	0	0	0	0	0	0	0	0	0	5.507599	172.4857
0	0	92.67831	393.1372	632.7081	280.3249	0	0	0	314.5716	466.3012	288.4779	0	0	0	151.4671	0	2.150081	143.162
28.84159	0	231.5879	573.8248	585.5264	557.1246	554.6489	469.2341	13.31151	0	0	0	0	0	0	0	0	2.746017	26.24055
346.947	6.764942	448.4222	483.2137	483.2137	483.2137	483.2137	460.5026	75.86401	0	0	0	0	0	196.1838	0	0	1.522674	170.9243
0	0	0	0	0	0	0	0	0	0	0	0	0	0	0	0	20.68194	3.555691	154.2354
8.624299	0	0	397.6521	374.6202	8.202007	0	0	0	0	0	0	0	0	68.08503	29.50478	19.23435	2.89945	109.8687
495.1131	298.9508	0	0	0	0	0	0	202.8864	768.5089	960.2172	958.1428	855.9655	789.2208	903.1215	964.0357	772.7543	2.890304	78.05913
0	0	0	0	148.9481	367.7319	373.2914	117.5852	0	0	0	0	0	0	0	0	0	2.156051	27.34276
310.5712	0	0	0	0	0	0	281.3654	932.2571	903.7542	866.4907	829.7524	896.0606	954.903	775.3107	415.9763	0	4.685227	58.77932
768.5089	739.3062	166.7664	7.685095	0	16.1387	175.9886	288.1915	199.0438	334.3029	719.3253	768.5089	768.5089	768.5089	768.5089	772.6908	475.3494	2.651573	71.83663
9.775305	43.80913	0	0	0	0	0	0	0	0	0	0	0	0	17.96567	0.8974503	15.01907	1.931172	86.84634
1.79187	0	0	0	0	0	0	0	0	0	0	0	0	0	1.031039	0	0	6.271196	159.7043
1.792134	0	0	0	0	0	0	0	0	0	0	56.45226	750.8994	276.058	447.2585	270.9489	0	5.691493	146.5498
25.27672	0	0	0	0	0	0	0	0	0	0	0	78.35797	624.6225	640.4236	105.6473	0	3.425836	63.23034
761.697	5.643713	13.07668	134.1278	732.3897	768.5089	776.3036	890.9501	796.4516	768.5089	768.5089	768.5089	768.5089	768.5089	681.6691	92.98959	15.45233	2.188274	35.36719
33.8334	0	17.18806	0	0	0	0	0	142.5443	552.8527	563.7087	554.6489	554.6489	349.1732	0	0	0	2.845005	116.0434
0	0	0	0	0	0	0	0	241.9387	358.4263	105.7358	0	0	0	0	0	0	5.068914	96.21637
548.2122	764.0992	215.049	2.349894	0	0	0	0	61.5676	621.9767	764.0992	764.0992	764.0992	764.0992	764.0992	764.0992	764.0992	1.244313	31.44917
0	0	0	0	0	0	0	0	0	0	0	0	0	0	0	23.68711	184.1479	1.104753	43.68152
