423.5886	1218.315	699.4039	2152.846	74.23451	0	0	0	0	0	0	0	325.322	0	0	0	1646.251	4.044033	63.29443
181.6652	0	0	0	0	0	0	0	0	329.3919	665.444	665.444	712.5012	682.1418	665.444	1322.596	1576.301	5.696499	100.3288
44.78166	63.52121	591.6932	668.1105	56.76758	0	0	0	0	0	0	116.8215	1059.074	1795.544	2083.23	1838.278	1387.159	3.187207	141.6795
45.51422	0	0	13.85217	618.7302	659.6259	658.9662	352.9012	0	0	0	152.3593	171.9044	54.58421	0	0	0	4.372641	46.68234
1078.376	1325.299	1661.191	685.1777	665.444	665.444	665.444	692.7673	1708.248	1305.649	0	0	0	0	0	0	0	6.423695	112.6721
0	0	0	0	0	0	0	0	0	0	0	0	0	0	0	0	0	5.223051	101.6554
208.7726	47.33252	0	0	0	0	92.10657	255.8479	255.8479	252.7777	109.7603	125.3673	129.7167	236.1479	255.8479	255.8479	251.4985	1.816749	47.85476
0	0	0	0	0	0	0	0	0	0	0	0	0	0	0	0	0	4.992471	19.99783
82.55215	339.4666	0	11.25744	86.22198	16.1186	0	0	0	0	0	0	0	225.2824	764.5813	771.5843	771.5252	1.225497	21.64847
0	0	0	0	0	0	0	0	91.6843	342.7363	616.2148	157.8982	0	0	0	0	0	3.551206	125.09
0	15.58082	0	0	0	0	0	0	0	0	0	0	128.6275	414.2767	512.6857	513.7745	362.2789	2.103722	104.0103
0	0	0	0	0	0	0	0	0	0	0	0	0	0	0	0	0	4.554397	38.9848
1.790957	0	0	0	0	0	0	0	42.21548	237.9388	255.592	168.8609	0	0	214.1726	367.9873	0	2.790013	134.6031
0	0	0	0	0	0	0	0	0	0	0	0	0	0	0	0	0	2.988386	55.81967
1019.63	0	0	0	0	617.8934	2174.622	52.40084	0	0	0	0	0	0	644.0936	2032.704	179.036	4.33733	124.5599
0	0	0	0	0	0	0	0	0	0	0	0	0	0	0	0	0	2.84163	53.39069
0	47.83398	334.066	343.3242	50.92004	0	0	0	0	36.09901	373.3316	202.6681	0	0	0	87.81036	0	1.560967	64.5578
123.4433	366.6451	0	0	0	0	0	0	0	0	340.851	31.32144	0	0	0	0	0	4.723464	114.0434
718.3275	1473.766	1949.737	1275.082	255.4538	13.10021	264.1873	2130.955	1082.493	185.5861	0	0	0	0	495.7055	0	0	2.62511	156.8507
119.0962	530.9595	567.0967	587.0991	448.1714	1.669374	0	0	18.94379	121.0768	52.87795	98.62004	49.60577	0	0	0	181.9616	2.203432	124.1584
111.9688	105.7433	172.9988	155.708	286.0587	0	0	0	385.6251	577.4731	560.8762	607.6634	633.2997	156.9846	0	266.0233	0	2.128653	49.77448
38.98332	323.5164	172.0217	0	0	0	31.63217	40.11884	0	0	0	133.8102	68.0565	0	0	73.48153	309.3896	0.8864198	122.0423
240.5904	659.6259	659.6259	659.6259	659.6259	296.8321	0	564.2061	775.7684	771.5252	771.5252	771.5252	771.5252	525.4022	0	359.4976	659.6259	0.7845847	141.1428
0	0	0	0	0	0	0	0	0	0	0	0	0	0	0	0	0	4.165999	66.88095
0	0	0	0	0	0	0	0	0	0	0	0	72.05107	0	2.183367	742.3442	329.6886	8.586357	43.41364
459.9894	0	0	4.395811	19.78115	338.7108	290.5266	0	567.2033	706.176	1248.561	450.5708	0	0	0	0	0	5.582222	175.2881
30.56715	1017.446	2056.721	1368.313	1367.679	1999.954	1270.715	0	0	0	0	0	0	0	0	0	0	2.508881	102.1531
0	908.2789	362.4394	0	0	0	0	0	0	0	0	0	0	0	0	0	465.0583	5.769142	172.0971
975.9626	0	1753.235	1192.114	24.01703	513.0925	2183.355	945.3958	6.5501	0	0	0	0	0	0	0	0	8.16258	85.20486
0	0	0	0	0	0	0	0	0	0	0	0	0	0	0	0	0	6.75165	154.1934
296.938	0	0	0	0	0	69.86778	1004.346	1222.681	1606.951	1842.753	770.7279	537.1095	999.9796	2100.388	711.7775	0	4.096254	121.3546
0	0	0	0	0	0	0	0	0	0	0	0	0	0	0	0	0	5.583752	19.38034
1680.469	1204.379	2184.242	2183.355	1185.564	0	0	0	0	0	0	0	0	604.7932	2155.044	215.1767	443.9771	6.655131	59.34293
0	0	0	0	0	0	0	0	0	0	0	0	0	0	0	0	0	4.08596	174.1132
0	0	0	61.13425	213.9698	0	0	0	0	0	0	0	19.6503	0	0	0	0	6.202133	74.84915
954.1293	2.183368	552.3929	2163.705	635.3602	0	0	0	0	338.4222	2137.505	397.3735	0	0	0	0	0	4.961916	135.8498
34.79578	301.3456	293.6109	203.8886	2.475136	0	128.9492	255.8479	255.8479	249.7076	127.4141	255.592	196.7479	161.6362	0	1.856352	253.6999	1.551451	98.70102
789.18	1856.305	0	0	0	0	0	0	0	192.1362	1256.678	2086.757	526.1927	67.68442	422.6114	222.7033	1366.782	4.06296	173.7287
517.4594	0	0	0	0	0	0	0	0	1340.582	2080.776	1241.904	683.5787	909.149	1851.543	2099.704	152.8356	2.47595	87.97881
247.5768	363.3836	0	507.916	659.6259	659.6259	659.6259	659.6259	659.6259	484.8287	58.04711	64.0358	708.1097	772.7122	516.526	771.5252	759.952	0.82871	55.9969
834.045	286.0211	0	10.91684	744.5277	2183.355	4.366735	0	0	0	0	0	0	0	0	283.8377	2172.438	2.900098	15.98847
0	0	0	0	0	0	0	45.85073	13.10021	0	0	0	0	0	0	6.550103	0	4.568516	66.90967
489.8228	0	0	0	0	0	344.5358	0	324.5483	615.4185	1215.135	397.821	0	0	0	0	0	5.518431	167.5571
0	0	1465.033	2090.699	2091.958	2053.307	1432.283	2.183368	0	0	0	0	0	0	0	0	600.1555	2.704696	118.9998
236.6836	7.734799	0	0	0	0	0	0	0	0	105.5029	327.8224	315.703	311.6336	328.6229	310.8505	224.3082	1.508454	25.993
0	13.81595	105.155	25.58512	0	0	0	0	0	0	0	0	0	0	0	0	0	2.162418	35.66647
0	860.2452	184.0627	0	0	0	5.628721	59.1017	97.99116	3.581914	0	0	0	0	0	0	0	2.206484	137.2541
105.4995	891.3297	1143.969	2075.326	1843.01	892.0648	314.3006	0	0	0	0	0	94.50996	755.2495	1347.435	631.3015	1075.446	5.754509	12.12169
0	0	0	0	0	0	0	0	0	0	0	0	0	0	0	0	0	2.935424	8.220123
0	0	0	0	0	0	0	0	0	0	0	0	0	0	0	0	0	3.979655	6.415009
1092.615	862.4286	0	0	0	0	19.65031	1482.5	1414.283	235.1305	0	0	0	0	0	95.07482	281.1236	2.110831	71.92632
0	0	0	0	0	0	0	0	0	0	0	526.1927	1803.452	1916.986	1657.168	430.1242	0	3.942996	11.41296
0	225.5912	5.936634	25.72541	0	0	0	0	0	0	0	0	0	0	0	0	25.06579	6.636673	71.5289
0	0	0	0	0	0	0	0	0	0	0	0	0	0	0	34.9602	0	1.473349	78.3196
0	0	21.10806	563.9828	609.4957	537.5986	189.3127	0	0	0	0	0	0	0	0	0	116.7541	1.172118	35.46967
1421.366	279.4709	0	0	0	812.2114	2183.355	906.0955	96.06808	15.28357	72.05107	460.6914	98.25145	37.11723	87.33463	707.4107	2159.338	7.936581	69.94666
380.04	0	0	12.66927	581.2037	808.6318	818.243	800.0478	728.8728	306.5429	706.6808	1037.264	1197.766	1285.156	1285.156	1247.887	217.1914	4.287843	167.255
24.5354	120.9727	317.9722	325.4773	90.34256	0	0	0	0	0	62.17192	254.057	255.8479	255.8479	233.3336	47.84422	0	1.757624	35.47699
0	0	0	0	0	0	0	0	0	0	272.9208	1657.168	1958.47	1842.753	1015.263	0	406.107	6.380922	7.848029
0	0	0	0	208.7697	1242.963	1649.656	1273.047	351.8441	4.669749	0	0	0	0	0	0	0	1.848445	13.81329
0	0	0	0	0	0	0	0	0	0	0	0	0	0	0	0	0	6.126902	134.179
0	0	0	0	0	0	0	0	0	0	0	0	0	0	0	0	0	3.900519	23.2503
1371.149	2183.355	1032.73	0	0	0	0	119.0695	1657.168	1866.769	19.6503	0	0	0	0	0	454.1413	7.404344	144.8153
158.1118	30.751	0	0	0	0	0	0.758654	104.3147	235.4045	206.844	1136.909	1989.796	1323.115	1307.832	2037.069	930.0912	2.536086	92.72278
771.5252	688.9698	771.5252	774.1593	771.5252	771.5252	771.5252	529.2599	185.1636	127.3	288.5466	734.491	771.6104	771.5252	771.5252	771.5252	746.8358	0.4385245	117.7715
0	0	0	0	0	0	0	0	0	0	0	0	0	0	0	0	0	3.172394	59.90607
290.8946	0	0	0	0	0	0	0	42.87569	332.6299	652.0994	659.6251	659.6251	659.6251	250.6568	16.49065	0.6596259	6.397428	129.5426
590.7502	2149.961	2183.355	1938.32	494.5289	0	0	0	0	0	331.8839	719.1491	806.3787	1043.474	208.1906	1305.649	2015.967	5.805265	74.94904
0	0	0	0	0	0	0	0	0	0	0	0	0	0	0	0	0	4.602963	60.02893
1190.88	7.467383	709.5941	1203.031	2078.554	410.4738	0	0	13.10021	1220.498	1581.187	128.0612	0	0	0	0	0	2.195291	54.99441
0	0	0	0	0	0	0	0	0	0	0	0	0	0	0	0	0	5.060384	23.08129
0	0	0	0	0	0	0	0	0	0	0	0	0	0	0	0	0	3.577379	75.07471
0	0	0	0	0	0	0	0	4.366735	1104.01	1885.619	1947.258	1498.366	245.2298	0	0	0	2.796164	59.27881
0	0	0	0	54.74895	333.1114	259.8916	12.53289	0	0	0	0	635.3602	1334.032	495.6256	0	0	6.511053	79.13187
773.2053	247.6563	693.5991	772.3817	771.5252	771.5252	771.5252	760.7236	703.6292	771.5252	771.5252	771.5252	771.5252	773.217	577.1013	176.677	131.9291	0.33303	110.84
0	0	0	0	0	0	0	0	0	0	0	19.65031	521.826	469.425	0	0	0	4.481856	108.4531
0	0	0	0	0	0	0	0	0	0	0	0	0	0	0	0	0	5.163058	104.4966
526.48	1803.823	1542.021	2030.513	1738.391	671.7924	665.444	350.6859	1.330882	0	0	0	17.9922	749.2462	747.996	621.2822	1799.086	5.17758	56.32381
1833.785	664.7786	665.444	1802.357	1275.082	87.33469	268.554	2183.355	2175.063	984.2699	766.2544	793.2471	934.2234	2136.331	1927.903	1192.294	330.7228	6.101809	26.3917
69.86771	0	0	0	0	283.8376	1100.414	2183.355	1978.12	124.4518	0	0	0	0	403.9236	0	0	6.465675	23.75047
771.5464	771.5252	771.5252	771.5252	504.5708	249.9709	266.1727	607.186	771.5252	771.5252	771.5252	771.5461	759.2432	506.817	562.1482	769.9821	772.4839	0.2271904	118.1174
1164.542	0	0	1480.317	1274.572	133.9051	17.76245	1.847268	3.742358	35.70766	585.0915	2183.355	141.9188	0	0	0	0	2.299705	164.6226
433.0213	1285.156	1274.875	415.1055	0	4.750974	201.1243	784.6986	848.8351	803.9971	772.3262	497.6042	675.9799	241.2441	1072.026	963.9563	1285.156	4.221779	101.054
227.705	0	2.55851	114.8774	255.8479	253.2894	219.0063	173.7219	144.044	192.3985	255.8479	255.8479	143.0206	210.3076	17.14201	0	0	1.904337	138.2147
862.4286	32.75052	2170.255	818.7616	34.93389	0	2.183368	310.0383	2139.688	1194.298	0	0	0	0	0	0	0	6.860878	88.7702
828.987	368.9896	43.66737	0	0	606.9767	2079.953	534.2752	18.00672	27.03465	8.733471	358.0727	2093.838	403.9236	0	0	39.30063	3.413989	164.4546
442.2029	771.5252	771.5252	771.5252	771.5252	219.1103	41.55646	498.0215	624.6667	93.66708	0	0	19.2879	769.9821	771.5472	771.5533	771.5252	0.5556138	48.96072
399.6448	0	0	0	0	133.4721	752.2366	771.5252	771.5252	771.5252	771.5252	209.8521	0	0	0	0	0	1.118748	154.5478
995.9018	2159.338	26.20042	0	0	0	0	0	0	901.7289	1858.036	302.257	77.58141	12.4756	15.4177	126.2406	746.017	2.422152	26.69677
0	0	0	0	0	0	0	0	0	0	192.1362	1755.419	2006.504	430.1242	1982.487	722.6942	0	3.04089	137.2025
0	2079.079	2103.144	1925.72	456.3248	0	0	0	0	0	0	0	0	709.2588	0	980.3295	2072.547	2.553767	43.02808
0	0	0	0	0	0	0	147.0969	538.9178	601.5804	375.3289	0	87.18124	93.57861	0	0	0	1.527704	101.2083
175.5128	255.8479	105.4109	204.679	252.7777	255.8479	255.8479	255.8479	41.95963	0	0	0	0	1.535106	174.7453	142.5089	255.8479	1.910469	118.5256
1263.417	1951.92	1383.358	1285.156	1285.156	1191.34	526.9141	424.1016	1089.949	285.4243	8.494681	0	1673.904	1548	486.8921	344.9724	683.3939	4.383296	130.9322
0	0	0	0	0	0	0	0	0	0	0	28.91119	249.9635	208.2609	21.49149	0	0	2.581918	113.6812
0	0	0	0	0	0	126.0049	0	0	0	0	0	0	0	0	0	0	5.463656	58.30435
0	0	0	0	0	0	0	0	52.7701	608.8361	601.5804	488.1269	60.68562	0	0	0	0	5.747974	175.4801
0	0	0	0	281.2349	643.0925	695.2242	152.8231	0	0	0	0	0	0	0	0	0	4.07191	51.33597
0	0	0	0	0	0	0	0	269.125	1696.468	2043.621	2010.87	1916.986	624.4435	0	0	0	2.984379	90.71051
563.4846	659.6259	659.6259	659.6259	609.2004	519.0954	527.2119	160.8042	1.319254	0	0	0	0	7.255897	346.3049	382.5849	595.644	4.819835	75.26852
