304.6692	304.6692	304.6692	304.6692	304.6692	304.6692	304.6692	245.8699	74.94875	41.73976	58.80119	110.2907	11.88213	193.4663	8.835427	84.69827	299.1854	4.048033	134.7904
715.0906	24.69804	432.6405	454.7835	816.7474	851.6664	851.6664	851.6664	851.6664	851.6664	851.6664	675.3677	9.832351	0	0	0	0	5.96909	84.00397
0	0	0	0	0	0	0	0	0	0	0	0	0	0	0	0	0	0.9600436	33.06037
123.5542	957.7767	391.7345	0	0	0	0	0	0	0	0	0	0	0	0	823.6898	957.7767	6.947898	133.9621
0	0	0	0	84.47929	273.2099	356.1369	122.2333	28.27308	0	0	0	0	0	0	0	0	8.694072	45.70744
0	0	0	0	0	0	0	0	0	0	0	0	0	0	0	0	0	2.249226	17.20572
0	0	0	0	0	0	0	0	0	0	0	0	0	0	0	0	0	5.755413	122.0864
596.6027	957.7767	983.6365	1146.766	1007.681	957.7767	957.7767	581.046	0	0	0	0	0	0	17.90658	942.796	958.9096	6.855098	110.4304
0	0	0	0	0	0	0	0	0	0	0	0	0	0	0	0	0	5.872802	55.44814
10.98924	128.4616	0	0	0	0	0	0	0	0	0	0	0	0	0	0	33.24554	8.300701	69.94434
0	0	0	0	0	516.1027	586.7925	29.80798	0	0	0	3.046699	212.3559	212.9653	102.3693	0	134.1196	5.054213	55.18555
0	0	0	0	0	0	0	0	0	0	0	0	0	0	0	0	0	1.765785	114.4187
0	0	0	0	0	0	0	0	0	0	162.6639	659.1119	541.703	520.7831	183.4797	0	0	2.437388	55.83102
293.3969	283.9525	262.9312	304.6692	304.6692	304.6692	304.6692	304.6692	300.404	184.6308	144.7187	179.4513	9.749438	0	0	0	41.73976	4.276227	66.74179
302.6805	819.3024	851.6664	851.6664	849.9631	326.1837	5.498173	8.063987	27.12431	232.0238	366.5464	468.7139	387.9595	366.5464	293.6037	235.6893	310.1001	7.111067	6.243249
655.8753	794.4171	814.0305	255.9427	185.068	312.933	26.91907	0	0	0	0	391.1662	407.8395	349.4984	737.4211	779.8148	781.1424	1.51465	22.05061
907.283	0	0	0	0	0	0	0	0	0	213.6003	1728.173	1911.77	1911.77	1911.77	1873.535	162.502	4.422126	125.308
0	0	0	0	0	0	0	0	0	0	0	0	0	0	0	0	0	8.105435	152.1428
0	0	0	0	0	0	0	0	0	0	0	0	0	0	0	0	0	2.530375	60.57819
10.09465	5.047325	0	0	0	0	0	0	0	0	0	0	0	335.6459	839.5468	841.2293	606.5212	0.9130824	42.58716
0	0	0	0	0	0	0	0	0	0	0	0	0	0	0	0	0	2.033905	136.6335
0	0	0	0	0	0	0	0	0	0	0	0	0	0	0	0	0	2.602494	46.75352
0	0	0	0	0	0	0	0	0	0	0	0	0	0	0	0	0	2.872616	14.40289
1295.502	465.7901	1661.493	2047.845	2151.453	1327.948	101.1287	8.602211	5.616187	12.04652	0	0	0	0	25.93209	119.1812	175.6971	5.437513	72.45769
537.0457	114.2944	45.79462	383.0095	1725.607	176.9337	0	0	0	0	0	0	0	0	1940.006	1822.454	567.4949	3.125404	151.836
0	0	0	0	0	0	0	0	0	0	0	0	0	0	0	0	0	1.302694	106.4447
0	0	0	0	0	0	0	0	0	0	0	0	0	0	0	0	0	1.948319	23.47777
25.66723	0	0	0	0	0	0	0	0	0	0	17.43718	32.40329	0	0	0	0	8.176808	43.9295
0	0	0	0	0	0	0	0	0	0	0	0	0	0	0	0	0	6.043646	141.9604
0	0	0	0	0	0	0	0	0	0	0	0	0	0	0	0	0	2.490769	106.4523
2108.95	2064.189	2186.984	1633.452	98.01157	0	0	0.9558012	279.369	1621.754	1851.299	1208.079	1568.046	748.6575	527.1078	871.1395	1882.417	6.049919	109.5476
237.2994	0	0	0	0	274.7677	836.7678	260.1967	191.5047	549.5348	1752.667	160.2811	0	0	0	0	0	3.802822	153.224
0	3.848196	194.3344	225.7617	19.88234	0	0	0	0	0	0	0	0	0	0	19.88234	0	3.164126	122.3931
230.7222	0	12.36942	0	40.43128	0	0	0	34.36659	537.737	179.3565	0	0	0	74.91387	0	0	2.975998	16.35416
0	0	147.7917	493.3329	91.58923	0	0	0	0	0	0	0	0	0	0	0	0	2.714322	95.53527
0	716.8062	619.5524	170.0701	47.4161	0	0	0	0	0	0	0	0	0	0	53.6008	176.0147	2.870051	81.33311
404.964	597.0332	0	0	0	0	0	0	0	0	19.34808	641.8536	838.2165	786.8717	771.3611	771.3611	771.3611	0.5692811	85.8166
0	0	0	0	61.14481	243.7731	269.0926	269.3619	262.6282	135.2197	0	0	0	0	0	0	0	5.635003	57.97546
772.2693	462.0448	157.3567	60.16574	99.50483	448.1603	771.3611	771.3611	771.3611	771.3611	771.3611	771.3611	773.1776	829.2817	841.0896	684.0615	137.3013	0.843072	160.5837
42.6403	0	0	0	381.0994	1751.283	1971.566	2009.11	1941.143	1375.876	30.09569	0	0	0	0	0	0	5.950737	93.39108
0	0	0	0	0	0	0	0	0	0	0	0	0	0	0	0	0	1.600566	134.7303
0	0	0	0	0	0	0	0	0	0	0	0	0	0	0	0	0	1.831805	28.80332
0	0	0	0	0	92.39165	943.5738	1260.435	1718.18	440.3577	0	0	0	0	0	0	0	5.012239	6.873466
0	0	0	0	0	0	0	0	0	0	0	0	0	0	0	0	0	5.756377	66.24371
1.282732	0	0	0	0	0	0	144.3074	564.3992	58.36424	0	0	0	0	0	0	0	3.541586	57.63084
94.07896	0	0	0	0	0	0	0	0	1.20003	43.33446	30.26755	0	151.3629	0	0	0	3.534569	128.2293
0	0	0	0	0	0	0	0	0	0	0	0	0	0	0	0	0	1.440268	168.9019
0	0	0	0	0	0	0	0	0	0	0	0	0	0	0	0	0	2.951948	16.84872
726.4661	0	0	0	18.73416	1140.106	734.7922	2.081573	0	0	0	74.93665	1700.628	266.4414	0	0	0	3.158973	22.08704
696.2924	254.0478	201.8924	2.523662	0	0	85.62045	499.0702	771.3611	771.3611	771.3611	771.3611	774.994	728.5513	299.4736	544.2689	688.1223	1.219345	121.9526
0	0	0	0	0	0	0	0	0	0	0	0	0	0	0	0	0	4.243021	43.59151
851.6664	456.4868	153.298	137.9682	326.1837	832.9294	851.6664	851.6664	851.6664	851.6664	813.3406	801.4171	851.6664	851.6664	851.6664	698.3632	851.6664	6.980246	109.0976
154.5716	110.1491	0	0	0	0	0	0	549.3184	851.6664	851.6664	620.8599	0	1414.181	1773.056	487.9486	1623.821	7.517707	104.37
717.952	585.0892	840.5945	851.6664	851.6664	851.6664	851.6664	597.8644	272.5295	281.0461	31.51129	0	510.7378	666.2272	612.9288	39.17621	510.141	6.97032	166.7466
0	0	0	0	0	0	0	0	0	0	0	0	0	0	0	0	0	2.929962	37.46692
0	0	0	0	0	0	0	0	0	0	0	0	0	0	0	0	0	2.245011	171.837
192.8034	144.7858	0	0	0	0	0	0	0	0	0	20.52651	436.8897	469.9698	366.5464	366.5464	366.5464	7.44803	49.15497
771.3611	588.5544	356.3913	838.5743	829.4214	782.6796	771.3611	771.3611	771.3611	771.3611	771.3611	771.3611	771.3611	771.3611	771.3611	754.2701	780.0943	0.7662274	29.0723
0	0	0	0	0	0	0	0	0	0	0	0	0	0	0	0	0	6.163069	50.23169
461.5237	0	0	0	44.0993	389.854	419.5977	982.2591	1521.428	1745.829	2160.201	2111.354	1975.27	1150.96	0	0	0	6.484877	31.67093
0	0	0	0	25.45476	0	0	0	0	0	0	0	0	0	22.36934	0	0	1.753984	91.60266
0	0	0	0	0	0	0	0	0	0	0	0	0	0	0	0	0	2.667153	57.4786
1083.805	0	1238.769	1973.976	2165.191	2186.787	2186.984	2186.188	2012.835	1154.055	647.3915	0	0	0	0	0	0	5.959472	110.6899
0	0	0	0	0	0	88.44561	0	0	125.7557	0	0	0	0	0	0	0	2.4305	77.53799
30.51614	71.9538	1509.276	1890.73	1578.045	0	0	0	0	0	0	0	370.1238	0	0	0	0	4.472346	4.533722
59.72668	0	0	0	0	0	0	0	2.523662	822.7219	841.2293	815.9919	104.3112	157.3079	0	0	0	1.100891	90.56936
6.244719	0	0	0	0	0	0	0	0	790.9938	1621.529	776.423	718.1398	1448.761	949.1912	0	0	3.570351	82.62406
0	0	0	0	0	0	0	0	0	0	0	0	0	0	0	0	0	3.105368	101.2633
266.6661	0	0	0	0	0	0	0	47.10836	282.6492	833.6581	841.2293	736.0734	54.67935	5.888546	52.99691	0	1.649843	98.12946
499.6511	0	0	0	57.26699	977.8001	979.7236	979.5042	451.7962	883.0945	1209.359	1767.803	823.3188	1814.118	1491.837	1416.491	617.3324	6.871663	27.28625
20.37522	0	0	0	0	0	0	0	340.8994	958.4097	1334.324	651.8402	208.69	0	0	0	0	5.008567	31.99448
738.9553	0	218.5652	1773.482	0	0	0	0	0	0	0	605.7365	1415.457	4.163147	0	0	0	3.29657	6.95807
0	0	0	0	0	0	0	0	0	0	0	0	0	0.8606852	0	0	0	2.480633	20.63251
69.422	559.1286	149.4455	0	0	550.7515	771.3611	771.3611	771.3611	771.3611	737.4211	121.1028	0	2.104033	394.0384	660.3354	665.8779	1.554659	149.8755
206.0758	0	0	0	1130.285	2081.551	1595.78	1152.646	757.6892	1740.177	291.4203	0	0	0	0	0	0	3.053511	26.3109
248.8511	641.3621	641.3621	641.3621	641.3621	283.4846	0	0	0	0	0	0	0	0	403.4184	641.3621	641.3621	4.179699	116.1511
778.5046	0	0	0	0	432.9673	1561.165	0	0	0	0	0	0	0	226.8915	1500.8	12.48944	3.32233	57.02164
85.94294	0	40.82576	0	0	0	0	0	0	0	0	0	283.4846	641.3621	641.3621	641.3621	45.53694	3.433785	174.4975
448.9548	2.565464	521.4282	641.3621	641.3621	641.3621	641.3621	523.9937	15.39278	57.9142	200.8674	200.5008	48.38399	0	1.828019	0.9140097	0	4.367048	65.09998
736.8737	0	0	1005.393	988.7404	0	0	0	0	0	378.8463	1638.182	0	0	0	0	0	3.237978	5.60498
0	0	0	0	0	0	0	0	0	0	229.5822	1553.374	1890.332	397.2021	1778.533	592.9393	0	5.967326	37.43573
630.5446	415.5615	619.14	736.0734	349.9466	206.9397	0	141.3248	592.22	696.5347	765.4491	771.3611	771.3611	771.3611	771.3611	772.4091	790.2999	0.1807763	69.4953
0	0	0	0	0	90.85173	11.77709	0	0	0	0	0	0	0	0	0	28.60151	2.042701	115.3048
307.9871	44.47441	0	0	0	0	0	0	82.88411	525.4666	82.46277	0	0	85.2037	0	51.53923	18.23408	3.131534	19.34758
188.1886	59.38039	335.39	372.871	400.3076	383.4321	366.5464	247.0523	0	0	0	0	0	0	0.9140097	48.44247	10.00164	5.062813	3.126687
0	0	0	0	0	0	0	0	0	0	0	0	0	0	0	0	0	1.14597	133.9501
0	0	0	0	0	0	0	0	0	0	0	0	0	0	0	0	0	5.460672	44.83777
14.27096	0	0	0	0	0	0	0	0	0	0	0	0	611.4519	50.53905	0	42.77287	1.803141	141.4813
511.8078	0	0	0	0	0	200.1068	328.3796	518.8628	641.3621	641.3621	641.3621	641.3621	641.3621	641.3621	640.7207	75.6811	4.161252	26.41269
0	0	0	0	0	0	0	0	287.2571	1490.392	1773.482	1573.654	407.9884	0	301.8282	0	0	3.061078	29.70364
34.49005	0	0	0	370.977	836.1818	796.6432	11.77709	0	0	0	0	0	0	0	0	0	1.241765	146.8824
0	0	0	0	0	0	0	0	0	0	0	0	0	0	0	0	0	1.399374	15.07176
0	0	258.4716	591.3362	626.6108	288.6154	0	0	0	0	0	0	106.4666	0	0	0	0	3.862117	175.3302
404.4243	0	22.72578	167.8782	134.5224	233.49	366.5464	366.5464	366.5464	366.5464	227.2587	60.84658	48.38399	80.64009	3.665449	0	0	7.153071	110.875
41.44678	0	0	0	0	0	0	473.3932	436.2705	162.6858	209.4441	484.5066	485.7586	120.348	0	0	0	8.917577	46.56342
640.4487	2.55497	62.17097	585.0892	851.6664	851.6664	851.6664	851.6664	851.6664	459.8934	0	0	0	0	0	0	383.2446	5.527777	54.20855
641.3621	641.3621	443.1826	257.1889	303.3667	582.3572	263.6025	129.5558	171.245	457.9338	641.3621	641.3621	641.3621	641.3621	641.3621	641.3621	641.3621	4.181861	13.34735
228.4661	0.2998911	0	0	0	0	0	0	0	244.5197	528.9874	82.94701	4.365635	5.457044	124.3918	632.7887	338.3272	9.027246	113.9724
0	0	0	0	0	0	0	0	0	0	0	0	0	0	0	0	0	2.619466	105.9724
0	591.9775	574.0195	215.4997	0	0	0	0	0	0	0	0	0	101.9771	0	126.9903	525.2764	3.237601	146.5198
