0	0	0	0	0	0	0	0	0	0	9.545763	3.064641	0.5001879	0	0	0	0	3.595215	19.35573
727.5682	830.5732	467.6775	220.1319	621.548	663.8488	406.5947	324.5859	0.8632609	0	2.532775	241.2469	593.9539	648.4007	675.307	652.8273	797.937	1.697117	141.7717
255.6248	0	0	0	312.7763	915.3191	817.661	15.36467	0	0	0	3.307436	2.170342	0	0	0	0	3.506541	69.38635
806.6242	863.2668	860.0455	611.0016	644.6724	651.597	651.2484	710.5438	771.1911	1395.486	935.2132	825.6117	741.6024	642.9901	698.7391	555.5754	667.0718	2.416688	140.2259
0	0	0	0	0	0	0	0	0	0	0	0	0	0	0	0	0	4.73538	148.2017
1592.903	1592.903	1592.903	1592.903	1592.903	1592.903	1592.903	1592.903	1592.903	1592.903	1592.903	1592.903	1592.903	1592.903	1592.903	1592.903	1592.903	5.047267	73.08962
510.5158	304.5351	849.6854	887.8641	887.8641	887.8641	577.1067	61.26204	91.44913	591.3127	887.8641	887.8641	887.8641	869.8903	322.9241	17.75711	15.09355	2.958295	41.74186
538.9395	756.5353	760.0881	756.921	731.157	702.3451	841.5122	806.7778	703.8796	167.5253	0	0	0	12.42731	39.47497	345.0405	731.018	1.13845	90.44681
0	0	0	0	0	0	0	0	0	0	0	0	0	0	0	0	0	6.213632	111.6068
2.20229	0	0	0	654.0798	687.1138	0	0	501.1692	644.8168	167.0558	0	0	0	0	0	0	5.911909	113.9959
0	0	0	0	0	0	0	0	0	0	0	0	0	0	0	0	0	4.809805	153.2048
514.2895	842.1213	508.1563	588.1766	1003.562	1762.864	1344.864	0	0	0	0	0	0	0	176.4404	1062.266	1077.493	2.087869	59.54019
0	0	0	0	0	0	0	0	0	0	0	0	0	0	0	0	0	6.770391	35.55228
457.245	697.8582	886.9763	887.8641	794.181	15.09355	0	0	0	0	136.7298	879.8732	887.8641	887.8641	887.8641	878.0975	14.20569	2.920313	131.2734
1218.469	86.95939	1975.377	696.0657	51.58798	6.219305	0	32.35006	362.2957	0	18.03784	396.5522	2062.307	2117.739	47.6444	0	0	3.910134	172.492
0	1415.681	1861.556	1645.533	1873.966	492.5872	1601.833	1842.32	1521.684	279.1212	0	0	0	0	0	0	37.2977	3.920171	60.45436
0	0	0	0	0	0	29.81998	525.377	779.6144	266.3057	508.9806	153.4018	0	0	0	0	0	3.211316	89.15616
0	0	0	0	0	0	0	0	0	0	0	0	0	844.4639	1807.854	1776.125	751.6719	4.266926	25.77679
0	0	0	0	0	0	0	0	0	0	0	0	0	0	0	0	0	5.409339	24.83719
704.7723	162.4148	4.545419	2.727252	0	0	0	423.1721	544.0013	97.05605	184.2596	0	0	60.90865	832.7131	292.8513	1360.813	2.281528	72.53235
743.8209	594.161	725.1953	737.871	733.9944	731.018	731.018	731.018	731.018	657.3615	126.7056	8.010866	1.695386	24.45192	270.6096	246.3531	181.2925	1.024618	109.0319
1484.734	646.0915	2070.803	1399.766	12.41704	0	0	0	0	0	0	4.842185	2.070811	0	0	0	2.070812	3.638669	146.2448
0	0	0	0	0	0	0	0	0	0	0	0	0	0	0	0	0	4.866502	109.3819
0	0	0	0	0	0	0	0	0	0	0	0	0	0	0	0	0	3.059078	28.83109
0	0	0	0	0	0	0	0	0	0	0	19.73749	430.5696	577.5042	516.0987	192.9888	0	1.613746	55.54525
0	0	0	0	0	0	0	0	0	0	0	0	0	0	0	0	0	2.29631	169.6534
0	0	258.2508	719.8683	574.6071	169.1223	379.145	0	0	0	0	0	0	0	0	0	0	5.25559	143.458
764.1038	422.4452	0	0	0	0	0	0	132.1448	483.811	228.6399	1.553732	0	0	39.32322	1660.716	2070.803	3.219721	82.50671
640.2938	411.0705	54.83699	622.4113	741.5441	423.8597	86.07372	430.4895	737.8729	727.0082	715.2434	716.4957	557.5623	715.2781	694.1274	874.2843	947.6403	0.9267812	81.45472
0	0	0	0	0	0	0	0	0	0	0	0	0	0	0	0	0	6.056192	27.72076
0	0	0	0	0	0	0	0	0	0	0	0	0	0	0	0	0	4.465615	153.9467
374.8167	0	0	0	0	1789.174	2070.803	1697.963	1325.208	1919.581	2070.802	971.2072	0	0	0	0	0	3.926831	168.6499
248.2426	0	0	0	0	0	0	0	1.052364	248.8927	399.8263	131.0151	66.41785	371.7763	918.5849	143.0842	0	3.528836	43.264
154.143	72.63274	0	0	0	0	0	0	0	0	419.6583	807.025	807.025	807.025	807.025	807.025	807.025	5.201429	166.3076
0	331.2175	0	0	0	0	0	0	0	0	0	0	0	327.9357	1816.021	1867.972	1576.566	4.546215	20.84735
458.1686	1524.763	1216.627	0	0	0	0	0	0	0	0	0	65.99031	608.0581	200.4584	124.8359	312.0039	5.392285	32.78406
0	0	0	0	0	0	0	0	0	0	0	0	186.4809	70.44526	0	0	12.43099	4.932406	161.7433
0	0	0	0	0	0	0	0	0	0	0	0	0	0	0	0	0	4.047253	154.6785
0	0	0	0	0	0	0	0	0	0	0	0	0	0	0	0	0	3.943844	171.262
782.1622	100.9085	281.7145	437.8183	295.9375	22.03306	665.5754	817.5129	752.9164	747.3361	1133.274	964.6448	724.7211	718.8457	171.6342	41.43653	102.728	1.569631	95.77151
0	0	0	0	0	0	0	0	0	0	0	0	0	0	0	0	0	5.590785	93.57861
54.60643	168.9312	181.0724	0	0	0	0	0	0	76.94371	843.1044	728.0942	559.9653	872.7702	887.8641	885.2005	583.3218	3.860714	9.967999
0	0	0	0	0	0	0	9.78319	0	0	0	0	0	0	0	0	0	3.362008	52.54619
0	0	0	0	0	0	0	0	0	0	0	0	0	0	0	0	0	2.773821	118.5307
236.0591	0	31.81795	1637.745	1564.326	910.6082	925.6899	935.6285	998.8659	568.8752	0	0	0	0	0	0	0	2.294072	155.3967
0	0	0	0	154.0795	601.4894	155.222	61.92533	197.723	652.0797	624.6415	0	134.6027	1449.562	662.5674	0	0	3.571468	43.36749
1592.903	1592.903	1592.903	1592.903	1592.903	1592.903	1592.903	1592.903	1460.151	1346.761	1589.718	1592.903	1592.903	1592.903	1592.903	1592.903	1592.903	4.956655	88.55728
60.53436	0	0	0	0	2.924071	65.0606	426.5561	703.8796	778.3375	327.3079	328.9022	235.6707	0	0	0	0	1.54535	161.9994
1169.682	30.15628	83.50977	492.9375	1159.859	1313.686	1520.142	1238.868	1183.297	1250.617	1175.156	1114.622	506.8557	840.7396	450.023	578.7665	91.62878	6.139364	18.81971
0	0	0	0	0	0	0	0	576.6361	1492.551	1592.903	1102.296	0	0	0	0	0	5.548664	141.7592
0	0	0	0	244.8988	833.0357	24.87468	0	0	0	0	0	0	0	0	0	87.46938	5.813175	150.4573
0	0	0	0	0	0	0	0	0	0	0	0	0	0	0	0	0	4.305591	7.095642
512.9234	0	0	435.0504	916.3605	682.1003	218.1121	165.1616	149.6538	361.3047	920.5762	825.0159	0	0	0	0	0	3.708977	138.9248
631.2818	778.5001	645.2569	662.2341	650.0875	632.7148	179.1939	0	0	0	0	8.632608	16.40196	74.24045	575.7941	397.099	382.8878	2.868198	86.15012
580.8554	561.8632	191.4575	134.4426	30.26718	0	0	0	603.4191	486.0138	161.1903	703.8796	703.8796	700.2859	704.6721	444.1371	702.3383	1.103521	43.16793
0	0	0	568.1912	1246.491	944.7795	173.9807	0	0	0	0	0	0	0	0	0	0	5.678921	54.92944
1008.969	0	0	0	0	0	1350.766	2185.873	1271.909	292.9127	196.5273	393.5389	1094.937	316.7522	53.23364	0	0	4.388452	165.2221
0	0	0	0	0	0	0	0	0	0	0	0	0	0	0	0	0	2.402543	68.32056
0	0	0	0	0	0	0	0	0	0	0	0	0	0	0	0	0	2.880763	75.20416
993.9385	2070.803	1432.876	0	0	0	0	0	0	0	285.7025	1261.119	1685.633	468.0026	165.6652	281.6307	1062.323	3.072792	143.8627
396.4125	218.0264	2.20229	0	0	242.2516	1193.636	0	0	0	0	0	0	0	0	215.8241	942.5772	4.840362	13.15338
139.6464	72.54283	3.655089	396.2118	602.3588	593.5866	331.1512	0	0	0	0	0	231.2474	368.4659	372.4074	367.3445	366.374	0.8292061	79.44101
0.2628185	0	0	0	0	0	0	0	0	8.731963	5.968239	5.654483	12.64859	2.589872	0	0	0	7.227264	99.49119
0	0	0	0	0	0	0	0	0	0	0	0	0	38.08997	0	41.74694	0	3.992854	42.8205
336.6598	375.9417	372.0651	366.401	355.7495	281.0113	5.129277	0	0	0	0	105.8833	366.374	366.374	391.2405	478.978	453.8098	1.603027	22.03912
760.7244	679.0377	64.36577	752.0187	847.9096	845.246	693.2472	490.9389	869.1138	867.9208	125.1948	0	0	0	6.316691	466.8124	919.5051	3.755792	68.897
1477.728	370.3154	736.1174	275.6306	131.2609	0	0	0	0	0	0	1446.144	2173.793	846.6001	32.97836	0	2.114419	4.314248	44.04891
0	0	0	0	0	0	0	0	0	0	0	0	0	0	0	0	0	7.533274	81.49292
880.7634	0	0	0	0	0	0	0	360.758	1199.818	75.64725	0	0	0	71.77197	1119.046	388.7605	4.202657	39.802
395.4471	0	0	0	0	761.0256	807.025	807.025	772.3237	761.0256	807.025	807.025	373.6571	0	0	0	0	5.34163	130.2357
0	0	0	0	0	0	0.8070309	0	0	0	0	0	0	0	0	21.78984	0	5.006267	5.141594
1592.903	1592.903	1592.903	1592.903	1592.903	1592.903	1592.903	1592.903	1592.903	1592.903	1592.903	1592.903	1592.903	1592.903	1592.903	1592.903	1592.903	5.6242	100.9976
0	0	0	0	0	0	0	0	0	0	0	0	0	455.0351	502.1595	294.8394	0	4.948957	70.82343
143.2529	0	0	0	0	97.93289	520.9125	1193.054	1556.456	1590.76	1568.98	1258.395	81.2388	498.0484	0	0	0	4.60282	7.355994
572.186	0	0	0	277.6197	807.025	807.025	862.2039	1008.002	358.3234	673.8689	803.797	807.025	807.025	807.025	32.28125	0	4.727423	103.4479
96.06345	35.38729	7.61077	0	0	0	0	0	0	0	0	4.387898	1591.062	2042.25	296.5237	43.48087	0	3.474806	117.4793
0	0	0	0	0	0	0	0	0	0	0	0	0	0	0	0	0	2.791358	32.33478
264.2745	1255.3	0	0	0	0	0	0	0	0	0	0	0	0	0	0	132.1373	4.437252	103.3531
0	0	0	0	0	0	0	0	0	0	0	0	0	0	0	0	0	3.87959	150.3539
632.8826	1480.747	1191.531	1038.068	231.971	73.07104	12.75842	14.70008	0	0	0	0	0	90.46893	1159.859	1159.859	1191.264	6.823617	78.39532
612.4153	651.2472	716.9357	666.2242	655.879	814.1663	430.9036	120.3068	29.76011	0	303.0046	863.2668	863.2668	704.2775	517.7156	638.8291	670.1502	2.124919	145.9572
0	0	0	0	0	0	0	0	0	0	0	0	0	0	0	0	0	5.479977	7.226257
0	0	0	0	0	0	0	0	0	0	0	35.23907	0	0	0	0	0	4.087586	30.88092
0	0	0	0	0	0	0	0	0	0	0	0	0	0	0	0	0	4.971797	75.9962
169.9795	0	0	0	909.392	478.6843	225.4249	197.7571	0	0	0	0	0	0	48.55299	4.827282	0	3.134477	164.9276
0	0	0	0	0	0	0	0	0	0	0	0	0	0	0	0	0	4.598011	15.65978
0	0	0	0	0	0	0	0	0	0	0	0	0	0	0	0	0	5.266955	63.43808
805.9818	655.1343	60.42054	0	141.2022	633.6519	634.5022	668.9086	692.5719	675.8307	634.9024	634.0898	166.5878	333.176	820.8609	751.8082	624.9238	2.487005	123.9197
45.38372	109.634	856.3605	828.7355	137.2584	0	0	0	0	0	0	180.146	1954.838	2070.802	2031.446	1217.546	0	3.27641	107.0971
1592.903	1592.903	1592.903	1592.903	1592.903	1592.903	1592.903	1592.903	1592.903	1592.903	1592.903	1592.903	1592.903	1592.903	1592.903	1592.903	1592.903	5.116168	172.5413
770.7097	301.0238	807.025	807.025	953.1743	282.3933	77.47491	87.9663	127.5108	121.8615	305.059	790.0779	807.025	807.025	120.2475	0	0	4.95127	49.84695
157.3405	0	0	0	0	0	301.9719	558.345	858.7663	854.039	705.3304	116.6168	0	326.3124	863.2668	863.2668	808.0168	2.2803	85.80457
1157.563	16.55963	0	0	197.723	12.91249	0	0	0	0	0	1064.393	2070.802	1223.762	74.51401	0	325.4913	3.747877	10.00036
1592.903	1592.903	1592.903	1592.903	1592.903	1592.903	1592.903	1592.903	1592.903	1592.903	1592.903	1495.737	326.548	19.115	3.185833	50.97335	581.4148	5.82643	163.6799
0	0	0	0	0	0	0	0	0	0	0	0	0	0	0	0	0	2.074746	87.74043
0	0	0	0	0	0	0	0	0	0	0	242.2024	463.7818	308.2003	0	0	77.84187	2.514575	81.18405
503.2788	689.8024	582.1122	68.91462	387.6032	497.2361	834.8944	820.2406	793.4131	639.143	905.5939	863.2668	863.2668	296.9619	294.929	662.8033	623.7568	1.370723	26.75714
0	250.3252	433.2326	486.8863	411.0241	115.7201	0	0	0	0	90.12901	139.9565	37.37047	0	0	0	0	2.232238	96.69564
0	95.99107	0	173.9823	537.2982	587.0074	460.5414	3.655089	0	0	0	0	0	88.06364	0	0.7327538	119.8057	1.168509	67.60501
856.8193	476.1986	51.22894	192.8808	807.025	807.025	779.5868	226.7764	83.93115	92.80848	261.4789	793.3059	516.3519	840.165	1193.306	813.8586	510.6663	4.570899	85.70393
