111.1382	0	160.9091	483.2137	483.2137	483.2137	483.2137	483.2137	281.7129	14.0131	0	0	0	0	0	0	0	2.72176	165.8345
0	0	0	0	0	0	0	0	0	0	0	0	0	0	0	0	0	4.749032	56.74049
794.9717	9.3941	0	0	0	0	0	0	0	0	394.3512	1148.908	1174.264	1174.264	1163.695	809.0628	441.0444	2.31423	9.001648
202.1179	768.5089	768.5089	768.5089	768.5089	447.9073	0	0	0	0	0	0	0	0	306.3148	768.5089	768.5089	2.493274	141.5199
764.0992	764.0992	764.0992	764.0992	760.2787	481.5168	369.1123	527.9926	764.0992	764.0992	764.0992	764.0992	764.0992	634.2023	482.1466	650.2484	764.0992	3.333895	7.264343
26.18923	95.44099	493.0973	513.8607	513.8607	513.8607	462.987	58.97656	0	0	0	0	0	0	0	0	179.552	5.127525	149.7536
0	0	0	0	0	0	0	0	0	0	0	0	0	0	0	0	0	3.703878	151.9491
976.9101	1174.264	1174.264	1174.264	143.26	0	82.9937	970.6495	929.0048	923.2313	923.2313	923.2313	923.2313	923.2313	923.9844	1122.047	1174.264	2.395295	147.4138
1128.555	0	9.3941	98.63808	24.65952	41.0992	246.5945	858.3815	433.3011	798.9954	1130.583	992.2621	949.3378	958.3745	962.893	727.5092	20.31125	2.816194	123.9927
0	0	0	0	0	0	0	0	0	0	0	0	0	0	0	0	0	0.8208075	158.7942
464.945	768.5089	768.5089	768.5089	768.5089	185.2107	573.1506	656.377	837.3868	879.2902	624.3342	154.8199	3.79151	0	126.804	526.4334	768.5089	1.493895	116.1435
706.2819	0	0	2.688201	665.7739	924.9642	793.3766	189.9655	39.42695	78.03647	331.86	1056.983	896.0606	497.3152	0	0	0	2.564913	87.3624
13.86781	0	0	0	0	0	0	0	0	0	0	23.32501	0	0	20.63465	0.9139131	0	2.940926	95.54572
0	0	0	0	0	0	0	0	0	0	0	0	0	0	0	0	0	3.723529	31.54653
0	0	0	0	0	0	0	0	0	0	0	0	0	308.3615	791.2112	867.4171	459.7743	1.466049	112.4394
420.3304	232.9509	239.6066	881.5969	554.6489	554.6489	277.8774	0	0	0	421.3668	506.1529	300.097	109.2655	148.0907	385.4809	465.9062	4.953525	155.7625
0	0	0	0	0	0	0	0	0	0	0	0	0	0	0	0	0	3.092456	104.3756
334.9297	0	0	0	0	0	0	170.0663	513.8607	513.8607	513.8607	513.8607	513.8607	513.8607	513.8607	513.8607	181.4299	4.822333	36.33308
0	0	0	0	0	0	0	0	0	0	0	0	0	0	411.7654	552.0978	0	1.737771	92.25969
413.1475	483.2137	462.4355	310.7058	270.1158	13.52989	0	0	0	0	18.8452	423.7782	483.2137	483.2137	483.2137	483.2137	483.2137	3.602441	13.84693
564.6693	764.0992	764.0992	764.0992	764.0992	751.8736	41.26141	0	0	0	0	9.916349	76.04733	92.96092	180.1881	564.1144	764.0992	2.980767	153.3228
0	0	0	0	0	0	0	1.263837	336.8126	547.2428	290.6819	0	0	0	0	0	0	1.228073	128.1103
0	0	0	0	0	0	0	0	130.9497	412.1811	466.3012	457.6033	109.2053	0	0	0	0	4.071408	131.4071
0	0	0	0	0	0	0	0	0	0	0	0	0	0	0	0	0	3.729508	108.589
362.5141	0	0	0	0	0	0	168.1473	121.6166	0	0	0	16.37332	559.1952	85.88327	0	0	3.924546	23.66965
2.773231	0	0	0	0	65.4482	502.6492	587.8956	573.7794	547.4388	407.1125	3.882524	0	0	0	0	0	4.310816	6.879974
81.59621	0	0	0	0	68.0558	64.06571	0	0	0	0	0	65.02143	24.6562	0	0	0	4.742442	13.75604
341.646	513.8607	167.0059	0	2.218585	393.8008	554.6489	615.3773	530.8	67.96868	0	0.5138628	130.5211	513.8607	513.8607	513.8607	513.8607	4.816315	66.43902
681.9483	55.55619	94.38986	518.6648	1056.321	896.0606	215.0565	0	0	0	0	0	28.67414	333.2764	943.3989	622.1014	143.1659	2.408657	77.76917
0	0	0	0	0	0	0	0	0	0	0	0	0	0	0	0	0	2.488919	177.9838
225.1133	0	0	0	0	38.24546	233.8443	0	0	0	0	0	74.8335	981.6085	100.5331	0	0	3.521846	155.763
0	0	0	0	0	0	179.5271	196.3292	161.2662	657.3716	77.56428	0	0	0	0	0	68.55693	3.862307	14.52934
0	0	0	0	0	0	0	0	0	0	0	0	0	0	0	0	0	3.690227	84.73181
0	0	0	0	0	0	0	0	0	0	0	0	0	0	0	0	0	4.062814	174.3938
69.76119	434.1013	963.452	960.8997	928.4806	890.8667	155.0707	0	0	0	0	30.50553	240.0448	0	0	0	0	4.14172	103.2339
941.5562	781.979	923.2313	923.2313	923.2313	923.2313	923.2313	958.6252	1163.971	1174.264	1174.264	598.4628	512.3994	63.70341	751.3187	13.84858	129.2535	1.519695	28.03299
0	0	0	0	0	27.54297	0	0	0	283.9685	563.8137	647.8554	471.1003	0	0	0	0	1.621349	11.50187
879.8115	866.245	915.1876	770.4497	768.5089	768.5089	768.5089	768.5089	768.5089	798.0786	996.3029	776.1511	547.9512	192.1272	126.0355	265.9043	694.7335	2.855566	71.46658
388.8923	0	13.441	895.9599	908.0986	916.6072	657.2429	685.5464	1098.568	896.0606	599.4657	0	0	0	0	0	0	2.476438	43.40033
243.886	0	0	659.0062	768.5089	768.5089	768.5089	768.5089	768.5089	723.9363	6.916585	0	0	0	0	0	0	1.977325	115.9627
8.064603	896.0606	896.0606	859.3223	327.9604	0	0	0	0	0	0	0	0	230.2897	0	5.376402	688.1754	1.244679	78.10386
0	0	0	0	0	0	0	0	0	0	0	0	0	0	0	0	0	3.268526	147.9235
0	0	0	0	0	0	0	0	0	0	0	0	0	0	0	0	0	2.741141	28.75797
488.9596	234.3578	29.47581	6.281732	16.91236	172.5063	482.7305	483.2137	483.2137	483.2137	483.2137	483.2137	483.3756	516.5431	513.0671	485.6882	483.2137	3.243081	28.06966
189.2636	923.2313	923.2313	966.6582	453.3115	0	0	0	0	0	0	0	0	9.232387	841.9882	934.0253	923.2313	1.173869	86.59134
277.4742	513.8607	513.8607	513.8607	513.8607	171.9666	0	0	0	0	0	0	0	180.2405	0	80.16257	495.3619	5.138228	83.23969
0.9664204	61.89209	0	0	0	0	164.2916	458.5697	483.2137	483.2137	466.3012	200.5327	0	0	0	0	48.13831	2.851105	98.36821
647.7902	561.1121	598.828	441.367	410.1539	40.49672	26.4109	128.5331	977.6585	683.6964	608.2394	481.384	68.7761	4.991816	1.663939	19.96726	275.1042	4.958967	53.56729
185.326	0	0	0	0	0	0	423.8688	748.3758	0	0	0	0	0	0	310.2748	62.71009	3.406031	70.38907
28.18231	0	0	0	0	0	0	0	775.0094	1167.218	1174.264	1115.548	109.2065	0	260.6855	0	0	1.022349	28.90984
477.4151	19.32841	269.6325	483.2137	483.2137	483.2137	485.2151	491.905	483.2137	272.0486	13.52989	0	0	10.14741	21.74446	0	243.8137	3.560654	163.1818
2.292301	0	0	87.87146	669.3509	763.3351	764.0992	340.7883	0	0	0	0	0	0	0	0	0	2.490912	97.01838
0	0	0	0	0	0	0	0	0	0	0	0	0	0	0	37.04404	0	4.074778	153.7981
21.96317	0	0	0	0	0	0	0	0	0	0	258.1356	0	0	0	87.02058	0	3.282452	178.0978
769.6781	768.8055	451.8871	268.2099	325.8492	663.2253	768.5089	768.5089	768.5089	768.5089	768.5089	768.5089	768.5089	768.5089	768.5089	682.1551	958.1646	2.18538	162.0177
343.0813	0	0	0	44.93857	89.39383	187.0027	464.8515	483.2137	483.2137	483.2137	486.9256	483.2137	222.501	0	0	0	2.374079	106.4261
2.292301	0	0	3.056401	537.1617	755.6941	618.9203	0	0	0	0	0	0	0	0	0	0	2.366641	88.53124
416.6241	404.4917	466.166	980.8737	896.0606	646.0607	0	0	0	0	0	0	0	425.2224	896.0606	973.1295	715.0571	2.03308	75.91361
400.7575	768.5089	768.5089	709.3349	306.6361	109.8968	0	0	0	0	0	0	0	337.4932	768.5089	768.5089	768.5089	1.803295	135.7984
923.2313	1131.837	970.1724	923.2313	925.9925	923.2313	923.2313	923.2313	923.2313	922.3081	1055.182	1095.186	942.5601	923.2313	923.2313	923.2313	1026.402	2.114043	168.9026
0	0	0	0	0	0	0	0	0	0	0	0	0	0	0	0	0	0.8217679	170.0114
869.4006	768.5089	768.5089	768.5089	768.5089	768.5089	873.1412	941.7523	768.7101	380.4144	139.1001	120.6559	368.8865	761.5925	939.0162	847.0405	768.7478	2.859802	3.096171
513.8607	513.8607	513.8607	513.8607	513.8607	471.2107	252.3084	238.9478	441.4071	508.2083	355.5934	337.6084	492.2788	513.8607	513.8607	513.8607	513.8607	4.312136	140.8592
1.712666	0	0	0	0	0	0	0	58.91648	442.0319	175.8503	14.78988	0	0	0	0	0	4.590097	126.6146
345.8708	513.8607	513.8607	513.8607	513.8607	388.9939	0	0	0	295.6265	554.6489	562.3311	255.9917	41.62288	100.7171	364.3289	513.8607	4.8606	8.520081
82.62776	261.7581	0	0	0	0	0	0	0	0	0	392.1322	513.8607	513.8607	513.8607	513.8607	512.833	4.854308	14.28204
0	0	0	0	0	0	0	0	0	100.3595	834.2327	790.3259	452.5123	0	0	0	0	1.082688	116.329
0	0	0	0	0	0	0	0	0	3.522788	146.7827	36.40215	0	0	3.522788	0	0	1.245431	48.14866
0	0	0	0	0	0	0	0	0	0	0	0	0	0	0	0	0	3.325555	114.7566
0	0	0	0	0	0	0	0	0	0	0	17.08103	0	0	2.564344	0	0	2.563914	76.50317
3.820501	0	0	0	192.553	718.2532	764.0992	764.0992	751.8736	467.6287	0	0	0	0	14.49631	38.17361	0	3.165397	37.63187
146.8958	139.6476	0	0	0	0	0	0	0	0	8.214572	92.29308	453.2544	483.2137	483.2137	483.2137	483.2137	2.272281	148.5505
501.1787	0	0	0	0	0	618.6526	768.5089	768.5089	768.5089	768.7526	828.1342	1024	843.8137	418.3181	0.7685096	0	2.478383	175.6832
0	0	0	0	0	89.26001	578.9001	825.3544	740.8389	199.5801	0	0	0	136.4432	0.5546462	161.4613	0	4.316711	177.7242
0	155.9157	713.265	829.7524	794.8062	278.6772	0	0	0	0	0	0	0	0	0	135.3479	0	2.664332	17.24287
163.2223	0	0	0	0	0	0	0	0	0	629.4017	1174.264	1174.264	1166.044	286.5191	0	0	2.396122	24.66148
0	0	0	0	0	0	0	0	0	0	0	0	0	0	0	0	0	1.057637	29.83793
523.3008	0	0	0	706.9926	899.9067	1052.284	428.2441	307.7619	472.5463	867.3868	900.3944	532.2614	0	0	0	0	1.58674	63.45679
14.61601	0	167.8199	680.6376	762.571	764.0992	742.7044	147.8237	29.26208	0	0	0	0	0	0	0	0	3.583755	147.7673
575.0298	601.5842	555.735	83.19698	0.5546462	0	0	40.48915	420.4243	622.5798	556.1135	356.3519	285.238	366.3134	181.3549	864.1523	830.8364	4.935492	112.3623
88.51	0	0	0	0	0	0	0	0	0	0.6246601	2.703261	0	101.8916	289.6018	0	0	4.814763	70.56946
0	12.53102	0	0	0	0	0	0	0	0	0	0	0	0	0	0	0	4.162182	137.3294
282.9207	557.6898	554.6489	727.1143	952.651	667.155	579.3594	594.2159	212.9838	0	0	0	0	0	0	0	263.4564	4.685939	93.99379
0	0	0	0	0	0	0	0	0	0	86.97779	231.4585	166.2245	2.899261	0	0	0	1.761867	54.93301
0	0	0	0	0	0	0	3.776188	0	0	0	0	0	0	0	0	0	4.029408	37.70105
0	0	0	0	0	0	0	0	0	0	0	0	0	0	0	0	0	4.898973	19.55219
346.8055	481.1844	0	0	0	0	0	0	0	0	0	0	0	0	6.272469	734.7703	67.33028	3.387072	6.535311
0	0	0	0	0	0	0	0	0	0	0	0	0	0	0	0	0	1.302865	103.3692
455.0985	0	0	0	0	33.27876	537.4872	584.9601	737.9687	688.8651	114.812	150.3092	319.4767	72.65865	22.74049	24.95907	0.5546462	4.687192	65.71484
0	0	0	0	0	0	0	0	0	0	0	0	0	0	0	0	0	0.6719269	158.9569
0	0	0	0	0	0	0	0	0	0	10.15563	524.4012	325.9033	0	0	0	0	1.727314	167.1221
179.0626	972.1945	959.3064	805.85	751.6021	89.14705	0	0	0	0	0	0	0	0	463.415	786.3086	924.4434	3.552128	28.34491
0	0	0	0	0	0	0	0	0	0	0	0	0	0	0	0	0	1.378463	6.635498
114.0775	513.8607	403.4347	60.8595	5.403886	8.153018	25.3529	36.24544	0	0	0	0	0	153.1314	513.8607	513.8607	513.8607	5.262911	7.945445
393.4445	970.8721	795.7132	488.0078	0	0	0	0	0	0	0	283.5804	768.5089	935.4242	961.1268	927.9937	884.6737	2.881661	72.12025
927.2477	923.2313	923.2313	1066.818	1170.247	1174.264	972.5552	918.6152	923.2313	923.2313	923.2313	923.2313	923.2313	957.37	983.4765	923.7334	923.2313	2.266767	105.868
0	36.44598	228.0334	272.7024	329.0336	30.88797	58.62519	0	0	0	0	0	0	0	0	0	0	5.413521	107.0712
5.376402	902.1994	915.4954	474.9138	0	0	0	0	0	0	0	0	0	284.7873	293.0142	844.0893	893.3724	1.748381	86.39572
513.8607	513.8607	513.8607	513.8607	513.8607	359.7042	201.4352	236.8923	474.2939	350.9687	192.1856	244.6003	472.2384	513.8607	513.8607	513.8607	513.8607	4.572992	55.70327
0	0	0	0	0	0	0	0	0	12.91689	0	506.1049	1063.878	590.6513	0	0	0	2.925362	140.1315
