135.8313	416.0213	366.374	319.4795	130.0643	0	0	0	0	0	0	0	0	266.3568	371.8801	374.6739	438.5399	1.41133	60.25851
0	0	0	0	0	0	0	0	0	0	0	0	0	0	0	0	0	3.418739	162.7529
29.97174	59.94348	0	0	0	0	0	0	0	0	0	0	0	208.3401	731.018	731.018	658.6472	2.165714	104.0412
637.4824	887.8641	887.8641	887.8641	887.4644	755.8672	365.7966	289.4417	799.9642	879.8732	873.6581	214.8618	379.9859	660.8961	626.9695	274.7182	502.5252	2.869765	141.3952
0	0	0	0	0	0	0	0	0	0	0	0	0	0	0	0	0	2.536804	40.33472
81.78528	555.8123	475.8238	30.98782	0	0	0	0	0	0	0	0	0	193.1906	476.4428	145.7685	679.4054	0.1796901	154.6345
0	285.6712	455.3821	523.876	490.9867	237.1682	0	0	0	0	14.65508	53.49114	0	0	0	0	0	0.03821305	52.76918
67.97492	0.7310178	670.3435	731.018	725.3398	271.0469	0	120.908	817.8602	939.7048	941.9948	907.5076	742.7164	29.99978	0	0	0	3.35354	110.1333
0	0	0	0	0	0	0	0	0	0	0	0	0	0	0	0	0	2.604107	116.1989
846.3119	0	314.5437	88.11739	8.878559	0	3.763403	36.64595	310.582	887.8641	887.8641	887.8641	887.8641	830.152	805.2914	459.0207	19.53283	2.727799	156.8249
0	0	0	0	0	0	0	0	0	0	0	0	0	0	0	0	0	3.126199	44.71275
0	0	0	0	0	0	0	0	0	0	0	0	0	0	0	0	0	3.046394	66.27457
0	0	0	0	0	0	0	0	0	0	0	0	0	0	0	0	0	6.76356	70.06681
232.4256	0	655.3077	807.025	807.025	806.218	806.218	807.025	807.025	513.2745	0	0	0	0	0	319.5856	0	7.385729	14.68598
707.2778	842.548	385.5663	635.9512	642.0446	638.6595	673.2725	658.5425	661.1426	850.3901	1050.727	1033.051	1217.137	935.7279	255.6447	778.6652	736.0756	4.201358	3.123993
246.8249	887.8641	887.8641	486.5439	0	0	0	0	0	0	0	0	0	0	6.214992	845.246	887.8641	1.543411	46.33449
561.7578	33.73851	249.4884	853.2369	887.8641	887.8641	887.8641	867.4429	332.9368	897.1033	914.5132	601.3787	303.3257	363.2762	770.0316	919.4657	542.829	3.165452	106.5463
107.3962	209.0712	0	0	0	247.2712	1076.819	1653.777	1000.834	1001.847	1018.247	479.9977	0	21.12402	585.2005	726.6838	731.018	2.779232	59.34451
0	0	0	0	0	0	0	0	0	0	0	0	0	0	0	0	0	1.619867	110.1523
236.403	1281.505	1097.052	1453.332	919.3064	556.7324	236.3573	0	0	0	0	0	0	0	286.6365	935.3089	492.5737	0.4252805	164.0543
189.7729	22.05253	720.5855	912.9802	916.1592	801.6929	53.43546	0	511.0481	862.4035	367.7484	0	0	0	0	387.5339	184.5277	4.439197	39.72404
330.2545	335.5995	18.68522	0	0	0	0	31.87479	348.4222	366.374	371.1207	387.3427	462.5216	435.2214	377.0733	367.0691	366.374	0.8250452	68.63254
0	0	0	0	206.4735	678.4119	531.0534	602.6198	574.604	0	0	0	0	0	0	0	0	3.047417	137.6449
887.8641	128.7391	563.7885	549.5825	344.4883	538.04	837.2551	356.0303	216.6375	347.1518	700.5218	261.0306	144.7206	241.4977	547.8067	152.7114	64.81346	1.58304	157.5212
567.2656	0	0	649.9926	1307.222	1786.419	811.9531	393.9018	262.7256	1.818168	0	338.5802	197.7151	302.8582	118.3753	0	0	4.11318	48.90796
717.8361	203.7299	386.74	136.3951	6.906086	0.8632609	7.769347	280.5601	861.5402	863.2668	830.9922	653.2086	688.2326	468.7789	667.2321	734.9233	396.4916	5.104306	65.21942
3.772346	98.30418	173.946	8.243859	46.17962	0	0	0	0	0	0	0	0	0	0	0	0	2.660596	118.7224
962.6772	0	411.7479	1159.859	1176.558	1200.042	1159.859	1159.859	1159.859	1159.859	731.8668	511.4951	339.8372	0	0	0	0	8.642383	106.9713
0	0	423.9899	590.9327	290.8513	258.3851	550.6822	280.0493	0	0	0	0	0	0	0	0	185.7533	3.262438	84.71594
0	0	0	0	0	0	0	0	0	0	0	0	0	0	0	0	0	2.64382	161.183
0	0	0	0	0	0	0	0	0	0	0	0	0	0	0	0	0	4.553347	2.350922
733.4011	222.9605	416.6803	731.018	731.018	731.018	755.6864	756.168	739.9998	736.116	737.2607	756.5646	760.037	731.0257	731.018	641.8338	274.1317	2.248398	27.49442
0	0	0	1.167514	582.683	1.107462	4.841849	0	0	0	0	0	0	0	0	0	0	0.7779294	174.8674
11.69629	0	0	0	25.74781	347.1518	168.6929	0	0	0	0	437.8798	551.9186	0.7310178	0	0	0	1.939089	168.1612
0	0	0	0	0	0	0	0	0	0	0	0	0	0	0	0	0	5.236872	122.5589
0	0	0	0	0	0	0	0	0	0	37.25585	720.5482	861.3639	190.4508	0	0	89.0323	3.37293	43.5351
0	0	0	0	2.070816	1234.199	124.2489	0	0	0	0	0	0	0	0	0	0	6.380972	99.89212
0	0	0	0	0	0	0	0	0	0	0	0	0	0	0	17.91484	1.701124	1.570806	72.3076
52.32095	646.2323	632.7609	516.2277	138.9849	0	0	0	0	0	0	0	24.1713	726.8683	863.2668	863.2668	742.9825	5.172654	52.81793
641.4045	1050.829	288.015	0	0	0	0	0	0	1059.817	1763.781	926.2808	419.9979	199.0895	220.9076	638.1748	996.2802	3.759125	0.7566639
0	0	0	0	0	0	0	0	0	0	0	0	0	691.649	128.3481	72.47839	0	4.139842	13.61496
0	0	0	0	0	0	0	0	0	0	0	0	0	0	0	0	0	3.186127	68.78891
198.8229	858.0871	923.3321	673.2994	657.4727	656.7646	777.0203	826.903	394.4603	0	0	0	0	0	438.6538	123.4462	743.2707	3.959361	32.05399
0	0	0	0	0	0	0	0	0	0	0	0	0	0	0	0	0	8.584405	34.54114
143.1487	0	15.41603	11.01145	180.5876	1310.356	103.5076	0	0	0	0	0	0	0	0	105.7098	0	6.48579	8.029766
0	0	0	0	0	0	0	0	0	0	0	0	0	0	0	0	0	3.768453	141.1931
0	0	0	0	0	0	0	0	0	0	0	0	0	0	0	0	0	4.405146	58.94522
0	0	0	0	0	0	0	0	0	0	0	0	0	0	0	0	0	7.597085	30.8548
0	0	0	101.8531	365.2749	366.0077	353.5714	166.7022	0	0	0	0	0	0	0	0	0	0.7309785	48.40991
3.47957	0	0	0	0	0	0	0	0	0	0	0	0	0	664.5955	1021.83	132.2238	7.098188	147.621
446.9136	110.0505	77.70258	0	70.90855	753.6251	1550.244	1538.115	105.0767	0	0	0	0	0	0	773.1156	580.3229	4.339184	114.0928
454.7705	0	894.0421	1592.903	1592.903	1592.903	1592.903	1592.903	1592.903	557.5214	0	0	0	699.5519	0	0	0	5.558411	1.535059
0	0	0	0	0	0	0	0	0	0	0	0	0	0	351.9337	634.0242	337.421	7.101105	50.53967
251.0436	0	0	27.499	16.09368	0	0	5.658518	7.544691	0	418.1797	887.8641	887.8641	887.8641	401.3105	0	0	2.429835	42.50125
0	0	0	0	0	0	0	0	0	0	0	236.0672	998.0044	43.45301	0	95.25013	0	3.748903	24.21207
737.3473	737.6948	770.9883	731.018	710.2881	797.0391	804.0416	703.8796	738.7113	787.8923	686.0777	731.018	769.6882	756.6855	731.2997	758.0766	731.0826	2.72808	17.0125
1016.761	0	0	0	0	320.3927	267.9352	0	0	0	0	6.212434	1335.668	2070.802	716.3895	4.141623	0	5.982847	13.52975
0	0	0	0	0	0	0	0	0	0	0	0	0	0	0	0	0	3.825399	20.96777
192.903	279.3936	0	254.6626	97.54842	0	0	0	0	0	0	0	16.74946	67.27222	143.2872	908.143	893.3001	4.231701	148.9233
709.4006	485.6561	887.8641	887.8641	887.8641	874.546	498.9738	348.9275	126.0755	366.8717	0	0	0	6.703611	305.2251	902.2571	307.6454	2.811382	156.7392
457.3396	653.0803	701.0024	657.6678	786.4626	367.7484	0	0	0	0	0	33.66284	863.1557	863.1557	863.1557	467.5716	699.5202	4.826822	4.081024
277.4888	0	383.3416	789.2709	731.1664	287.3041	0	0	0	0	0	476.2857	2070.802	1921.64	929.7375	468.144	0	6.190348	26.82411
1031.109	1159.859	1159.859	1159.859	1159.859	708.6698	5.799284	0	0	0	3.47957	119.4654	41.75486	124.1048	619.3613	1159.859	521.3414	8.785728	39.16989
0	0	0	0	0	0	0	303.8818	1074.026	189.0565	0	0	0	0	148.4617	0	0	7.145124	22.94225
57.28364	3.772346	213.0861	770.6642	182.8987	0	0	51.59906	288.7444	0	0	0	133.9498	0	0	0	0	2.445724	175.4674
659.3738	175.8325	403.3668	208.5151	677.6912	752.2242	643.7076	646.6761	665.1099	639.298	739.7862	972.5498	840.7953	766.7756	811.0134	862.3464	629.444	4.298761	1.127612
0	0	0	0	43.00876	78.05296	0	0	0	0	158.9004	924.4021	1157.807	1153.726	984.7144	148.4617	0	7.561975	144.4606
227.2904	36.33732	18.77571	626.576	587.5623	187.496	719.8687	1149.629	0	0	0	0	210.367	0	0	0	0	1.920439	160.6409
622.7221	477.627	326.4282	486.552	168.3076	0	0	0	0	342.981	1691.025	557.457	498.1562	180.6016	60.52306	22.75669	0.7262003	0.7242844	51.97723
741.0991	731.018	731.018	731.018	731.018	731.0206	754.9979	732.3254	731.018	644.0269	437.1338	703.2166	698.2437	721.6437	736.9536	777.8066	731.018	2.712217	53.90436
32.24117	0	94.89194	357.9477	366.374	368.4291	366.374	314.7168	4.7629	0	0	0	112.4525	0	0	0	0	0.8092788	138.7295
254.5862	685.3754	367.6808	0	0	69.96795	185.2303	0	0	0	0	0	0	0	202.9801	862.7544	917.6486	5.536773	56.06588
53.63697	1591.087	1647.602	45.58397	0	0	0	0	0	0	0	0	214.461	782.9754	143.8923	1149.457	922.502	2.400997	167.9084
110.0941	887.8641	884.3126	344.4883	0	0	0	0	0	0	0	0	283.2268	14.20569	723.6066	887.8641	887.8641	1.983791	5.744569
0	0	0	0	0	0	0	0	0	0	0	0	0	0	0	0	0	1.542071	80.48678
11.15042	46.88275	836.2781	1572.196	1592.903	1592.903	1549.895	786.8983	0	0	0	0	0	0	0	0	0	5.602593	125.431
0	0	0	0	0	0	0	0	0	0	0	0	0	0	0	0	0	3.009974	46.70245
0	0	0	0	0	0	0	0	0	0	0	0	0	0	0	3.584424	0	3.289388	83.40765
756.829	0	0	0	0	14.50949	824.7852	1728.734	0	0	0	0	0	0	70.58875	875.5837	12.38858	2.613989	89.335
900.0452	1406.515	1144.78	82.34991	0	0	0	0	0	382.7516	741.1456	1018.35	1159.859	1199.249	1222.081	1174.454	1350.875	7.649653	168.7021
0	0	0	0	0	0	0	0	0	0	0	0	0	0	0	0	0	5.581203	165.736
513.9889	863.2668	822.6926	810.8443	640.7975	657.9067	649.4329	636.3606	646.0151	6.619013	0	0	0	0	28.4876	220.9952	620.6848	5.05125	142.5908
0	0	27.43847	423.3369	191.0191	0	0	0	0	0	0	0	0	0	0	0	0	1.391029	59.66452
17.6666	8.321511	37.37659	0	0	0	0	0	0	0	0	0	0	276.3887	1463.871	160.6394	0	1.462368	109.3737
385.0178	0	76.36303	106.5427	887.8641	887.8641	887.8641	887.8641	243.2734	636.5244	932.7784	918.6619	911.4094	261.5981	0	0	0	3.184022	105.0031
44.91573	0	382.0142	0	0	0	0	0	0	0	0	0	0	190.7623	1498.97	1103.22	29.0088	3.37558	45.42468
0	0	0	0	0	0	0	0	0	0	0	0	0	0	0	0	0	8.251355	45.42545
699.616	849.6854	593.5106	790.4977	919.267	797.814	99.78947	0.8982275	0	0.9016337	88.89159	798.7897	917.5714	284.1744	125.1876	850.5732	880.7611	3.331931	9.351379
0	0	0	0	0	0	0	0	0	0	0	0	0	0	0	0	0	3.455359	70.58412
810.5135	899.2202	1071.828	1030.572	807.025	807.025	451.9398	48.42184	3.228124	10.4914	96.84363	37.93045	493.498	4.847401	100.6847	869.6144	844.2917	6.442406	86.98484
0	0	0	424.1826	68.23778	115.6841	0	0	0	0	0	0	0	0	0	0	0	2.646566	112.4955
0	0	0	0	0	0	0	0	0	0	0	0.7629675	2.314416	0	0	0	0	8.180953	65.55093
0	0	0	0	0	0	130.5394	45.45585	39.48581	329.8958	0	0	0	0	0	0	94.88902	2.406494	114.1745
2.073063	0	0	614.0797	1897.01	1419.347	1315.974	1595.155	82.92034	0	0	0	0	0	0	0	0	3.069752	142.2028
74.74291	728.6102	537.9969	478.2637	96.3527	0	0	0	0	0	0	0	0	21.78832	452.7174	487.9199	650.9283	0.1879312	127.4077
0	368.4597	0	0	0	0	0	0	0	0	0	0	891.1785	1569.147	1212.838	977.6328	1214.408	1.065645	25.30513
852.9641	0	0	0	0	0	266.7665	1159.859	1159.859	1202.396	1476.695	1337.747	1168.106	1159.859	1159.859	688.4398	3.47957	7.990695	6.394653
792.544	45.75284	85.46281	296.9619	222.7217	392.7827	493.9896	684.1271	639.3163	648.8249	663.8267	637.1234	469.8248	6.331939	0	0	109.634	5.069013	146.4019
0	550.8349	811.7558	0	0	0	0	0	0	0	748.7774	953.5886	0	0	0	292.8719	0	6.277841	2.804504
0	0	0	0	340.0813	697.4291	357.3445	0	0	0	0	0	0	0	0	0	70.77836	4.481672	37.44611
