105.5978	0	0	0	11.33025	325.8607	453.2145	453.2145	453.2145	406.9864	1.359631	0	78.86971	351.7654	415.6344	283.0578	0	3.978761	59.96907
0	0	0	0	0	0	0	0	0	0	5.438524	269.6618	63.44936	389.311	260.5975	5.438524	0	4.416739	167.7587
0	0	0	0	0	0	0	87.84072	943.0015	884.0038	656.5349	22.33097	127.453	0	0	0	0	1.308172	152.7053
0	0	0	0	0	0	0	0	0	0	0	89.25256	0	125.869	576.7078	8.009837	0	2.65315	67.49847
4.760573	0	0	72.10538	9.149525	17.61549	27.01919	76.04915	265.449	9.915527	0	0	0	0	0	0	0	1.914638	158.8151
0	0	0	0	0	0	0	0	0	0	0	30.63614	17.22226	101.3258	12.7778	0	0	1.538833	115.208
0	0	0	0	0	0	0	0	0	0	0	0	0	0	0	0	0	2.061194	59.81617
942.5715	893.246	893.246	893.246	893.246	893.246	893.246	893.246	1101.347	1144.274	1144.274	1144.274	845.1805	1.144263	7.145909	610.1674	898.2664	1.73829	77.49255
400.9885	493.6567	51.96401	0.866067	0	0	0	0	0	0	0	76.21386	866.0743	866.0743	715.3748	247.696	484.9961	3.581048	156.3734
222.7087	600.7197	355.1328	111.9568	183.6591	0	0	0	0	0	0	0	18.11981	243.7278	384.0253	801.349	810.0684	7.500866	7.721005
734.0911	97.63534	485.2403	431.651	291.4378	427.9805	728.9526	734.0911	734.0911	734.0911	734.0911	734.0911	538.0944	734.0911	474.2288	94.69894	49.18472	6.560174	178.9975
10.59037	40.88681	0	0	0	0	0	162.9703	44.78012	0	1.411178	0	0	0	0	0	108.0386	6.833025	96.54681
66.6301	222.9737	0	0	0	0	0	0	0	0	282.4941	871.3853	137.1198	0	434.41	524.6512	538.405	5.991073	45.67142
0	0	0	29.3802	172.0833	17.31332	79.46375	185.9501	130.5777	34.57643	0	0	0	0	0	0	20.42984	2.945296	77.07449
389.7642	0.9064205	0	0	0	3.172472	0	0	0	33.08436	381.1531	453.2145	453.2145	453.2145	455.6176	453.2145	272.3811	4.048445	149.5471
32.61834	1.844381	0	0	0	174.4217	0	0	0	0	0	0	0	305.3441	492.6471	500.5169	263.8458	3.141198	173.7445
920.3569	1144.274	1144.274	841.0381	281.8134	199.1921	68.77937	87.53745	340.3245	880.7405	893.246	893.246	893.246	893.246	893.246	940.4387	1141.513	1.553164	100.2074
422.823	673.8497	1241.055	598.2383	133.2598	0	0	0	0	0	0	76.07367	524.7302	1236.295	692.6929	571.9023	545.3674	4.637266	97.82861
778.6764	57.18647	1.049292	0	3.672524	101.2565	507.8622	524.6512	563.9694	202.405	29.99161	5.14359	27.73419	306.5414	579.535	1161.92	465.8013	4.918793	4.795342
302.808	873.174	32.15659	0	0	0	0	0	0	0	90.21717	668.2579	1020.266	893.246	893.246	893.246	894.2501	1.924615	9.718414
233.4291	0	0	578.9964	1144.274	1144.274	1144.274	720.3109	317.1	73.23286	624.7679	246.016	0	0	0	0	0	0.5791559	67.72318
859.5798	589.3274	785.4745	762.4886	738.5911	738.5095	738.5095	738.5095	738.5095	738.5095	738.5095	769.6403	954.3664	799.8188	726.4265	738.8464	282.1103	5.451847	126.0075
0	0	0	0	0	0	0	0	0	0	44.85637	12.45358	0	0	0	0	8.593655	2.201813	60.5728
0	0	0	0	0	0	0	0	0	13.85707	0	0	0	0	0.866067	0	0	4.377036	171.4571
143.0216	0	2.77027	6.713393	98.75445	204.7233	114.7968	86.80236	147.1082	490.5484	524.6512	455.921	2.623231	0	0	166.9565	0	6.177046	98.99706
0	0	0	0	0	0	0	0	0	0	0	13.14309	310.9045	188.9893	37.61645	0	0	5.47212	138.8038
0	0	0	0	0	0	0	0	0	0	0	0	0	0	0	0	0	2.14141	79.12018
72.65104	0	0	6.798155	258.3314	3.172472	0	112.7402	2.419314	0	0	105.3488	773.1097	226.0087	737.576	725.1525	226.7855	4.198992	170.6423
6.820401	866.3597	142.2681	40.92242	491.5977	443.0751	0.5246462	0	0	0	0	0	0	0	0	0	345.9301	6.092947	158.7804
790.7245	103.0619	744.8218	866.0743	584.5954	6.928536	0	0	0	2.598201	453.818	895.3524	823.7963	168.8833	6.928536	0	0	3.450701	3.923361
303.1998	0	0	0	0	188.0828	453.2145	453.2145	453.2145	453.2145	453.2145	150.4659	0.4532102	0	169.0477	0	0	5.519036	149.6348
0	0	0	0	0	0	0	0	0	0	0	0	0	0	0	0	0	2.284252	152.3545
0	0	0	0	0	0	0	0	0	0	0	0	0	0	61.79022	56.0689	0	2.918476	7.428827
753.3979	0	0	0	74.59251	512.0802	1212.11	609.876	229.2694	24.13373	11.54221	22.03514	171.034	521.5032	566.4311	543.07	133.9402	5.060034	156.6122
0	0	0	0	2.598201	501.4512	346.4268	0.866067	0	0	0	0	0	0	0	0	0	3.555932	154.9363
523.7505	0	0	0	0	0	391.388	524.6512	524.6512	518.6603	356.2413	431.8557	639.9495	1287.407	535.4305	71.35188	0	4.94628	22.53886
472.4079	738.7219	917.3928	859.1334	826.258	882.966	923.262	812.0575	807.5747	0	0	0	482.712	0	0	0	259.217	5.387477	154.5148
27.19262	0	0	0	0	0	0	240.2027	452.3081	453.2145	453.2145	213.0097	0	0	0	0	0	5.194588	130.8503
0	0	0	0	0	0	0	0	0	0	0	272.3339	434.8183	0	0	0	0	1.493772	54.78223
953.6539	1130.543	731.1866	582.4293	13.73115	0	0	2.679716	41.9822	451.9807	893.246	893.246	893.246	907.3033	1104.109	1144.274	1144.274	1.883414	91.50029
0	0	0	0	0	0	0	0	0	0	0	0	0	0	0	0	0	3.500884	56.75744
0	0	0	0	0	0	0	0	0	0	0	0	0	0	0	0	0	3.908952	156.145
544.7494	825.9009	787.4164	763.5371	942.0469	810.8941	900.2271	3.692548	0	0	0	0	0	18.46274	728.3	838.4547	933.9248	5.560102	106.1104
81.1245	0	0	0	0	0.4532102	424.2086	453.2145	453.2145	347.6151	0	0	0	0	110.5831	0	0	5.677348	152.8553
0.9064205	0	0	0	0	0	0	0	0	232.0448	443.697	213.463	0	0	0	0	0	5.417778	167.3998
0	0	206.1247	476.6003	438.3756	109.3531	0	0	0	0	130.7509	735.768	481.584	449.4777	0	0	0	3.880461	120.9439
0	19.03483	224.3401	0	0	0	100.5717	417.7031	274.5535	0	0	0	0	0	0	0	0	5.587012	5.356354
535.5135	611.0364	0	0	0	0	0	0	0	0	0	91.11041	901.1659	365.8304	1144.274	1144.274	1129.398	1.047924	52.45895
0	0	0	0	0	0	59.75861	32.04449	0	0	0	0	0	0	40.0492	121.292	0	2.771926	14.23718
0	0	0	0	0	0	0	0	0	0	0	0	39.30249	267.0781	24.11744	0	0	2.071772	107.8823
0	0	0	0	0	0	0	0	0	0	0	0	0	0	0	0	0	3.257519	153.0004
0	0	0	0	0	0	0	0	0	0	39.29167	50.24249	0	143.8923	194.6404	0	73.9751	6.223495	66.13644
308.2776	0	0	0	0	0	156.8164	118.3595	0	0	0	0	48.5653	958.801	40.70968	0	0	0.6164571	11.37021
470.0233	0	280.7937	845.874	932.0839	758.174	738.5133	738.5095	738.5095	337.0166	0	0	0	0	0	0	0	4.328254	1.722717
629.8531	170.3113	0	0	0	0	2.936401	469.0901	734.0911	734.0911	734.0911	734.0911	734.0911	734.0911	734.0911	734.0911	734.0911	6.273881	81.82703
0	0	0	0	0	0	0	0	0	0	0	0	0	0	0	0	0	3.22508	49.65625
486.1456	314.403	322.1764	58.32291	12.39641	35.05671	223.9006	733.357	734.0911	731.8889	660.4308	577.4801	746.2561	863.954	844.1931	685.7222	512.6801	7.073753	105.3972
135.9629	0	0	2.719262	75.23279	357.5858	453.2145	453.2145	453.2145	453.2145	338.5507	0	0	0	0	0	0	5.552248	147.9667
69.28533	0	0	0	0	0	0	116.0529	817.5733	866.0743	866.0743	866.0743	860.8777	433.0326	0	0	0	3.033291	67.69379
0	0	0	0	0	0	0	0	0	0	0	0	0	0	0	0	0	2.069084	86.25024
734.0911	734.0911	734.0911	734.0911	734.0911	734.0911	734.0911	734.0911	734.0911	734.0911	734.0911	470.5583	138.0108	112.3173	253.9987	689.3128	734.0911	6.5984	104.4262
0	0	0	0	0	0	0	0	0	0	0	0	0	0	0	0	0	3.487178	29.51953
1059.984	925.7154	976.2264	1008.216	893.4969	893.246	893.246	893.246	893.246	893.246	681.5458	0	9.154099	648.7979	683.1265	985.2183	1144.274	1.031435	74.27937
0	0	0	0	0	0	0	0	0	0	0	0	0	61.49074	0	0	0	3.112101	40.69812
0	515.5504	482.8335	228.7448	0	0	0	0	0	0	0	0	0	0	0	108.6015	421.3245	4.69923	129.4639
0	818.0418	885.9274	838.3594	595.8546	12.991	0	0	0	0	0	0	0	0	0	0	436.4969	3.071897	103.4817
738.5095	538.5923	142.5508	101.4997	362.9236	919.9789	632.1619	584.8962	736.2939	738.5095	738.5095	738.5095	738.5095	738.5095	769.2405	890.6691	738.5095	6.050258	51.98534
26.4623	0	0	272.22	94.31147	6.96142	7.456822	25.40625	43.90619	0	0	0	0	0	32.6895	0	0	1.751068	34.47861
0	0	0	0	0	0	41.08897	135.0231	479.4443	0	0	0	66.06399	0	0	0	0	2.419133	130.8256
40.70515	116.0529	0	0	0	0	0	0	0	0	0	0	0	0	129.91	860.8777	836.6273	3.048522	133.1256
61.06586	0	0	0	0	0	0	0	120.4537	967.1145	842.5435	626.4484	276.7909	0	0	0	0	3.932736	57.88971
8.610995	0	0	0	0	0	0	0	327.6735	445.963	100.1593	0	0	0	35.23681	54.32342	0	5.519293	151.0816
0	0	0	0	0	0	0	0	0	23.07994	0	0	0	0	0	0	0	4.219438	19.62254
0	0	0	0	0	0	0	0	0	0	0	0	0	0	0	0	0	4.868032	135.0406
739.3677	795.1605	54.2643	0	0	14.77019	1.375364	0	12.64028	0	70.89696	686.0742	738.5095	738.5095	738.5095	738.5095	738.5095	6.335495	28.67952
74.78665	0	0.3460402	21.22092	0	0	0	0	0	0	0	0	0	36.6087	304.9724	1.43825	6.913916	6.90303	29.2095
0	0	0	0	0	0	0	0	0	0	0	0	0	0	0	0	0	1.933318	149.6733
2.407673	43.94004	525.4786	542.5757	730.4207	711.3349	510.1997	14.68201	0	0	24.47336	0	0	0	375.1607	681.6431	311.6167	6.131755	99.4696
454.0371	39.88249	23.56694	60.27689	311.8109	409.2525	351.694	444.1502	453.2145	453.2145	453.2145	453.2145	484.2109	524.2628	462.5103	453.2145	196.6939	4.331944	123.568
0	0	0	0	0	0	0	0	0	0	0	0	0	0	0	0	0	3.350936	23.83722
0	0	0	0	190.5351	770.8045	852.2169	861.7438	790.7245	264.1512	0	0	0	0	0	0	0	3.249678	4.248688
954.2161	893.246	893.246	893.246	936.4226	910.9549	145.598	6.25267	758.6495	1144.274	1144.274	1144.274	967.8008	893.246	893.246	893.246	864.4346	1.11318	163.0425
0	40.66417	33.50446	0	0	0	0	0	0	0	0	0	0	0	0	0	8.453655	2.598716	86.30322
131.6108	483.8581	483.8581	483.8581	483.8581	408.8604	99.19199	0	0	0	0	0	0	0	0	172.2547	483.8581	2.9637	39.30378
852.8176	566.8668	239.7623	24.65837	2.623231	6.820401	101.7812	481.1046	1202.671	554.7812	233.752	9.40108	0	0	66.51921	500.7402	940.7459	4.110186	26.28021
0	0	0	0	0	0	0	0	0	0	0	0	0	0	0	0	0	2.481106	89.2751
385.3628	241.0124	0	0	0	0	0	0	0	769.1616	289.425	0	0	0	0	0	0	0.81497	174.5145
55.29795	313.1558	0	0	0	0	0	0	0	70.28983	101.9039	39.75549	63.61483	326.196	104.11	30.7497	465.5487	6.457736	91.82086
266.7024	619.5762	601.1156	564.1968	834.0286	715.778	922.5701	601.9235	417.1314	344.7532	86.78466	0	16.02609	0	0	0	36.14983	7.288986	97.67105
32.16611	0	350.8427	719.0258	52.61531	19.76871	54.70146	291.5295	28.14099	0	0	0	0	0	0	0	0	1.101498	81.11761
115.543	0	0	2.052284	466.1092	0	0	0	0	0	0	19.92119	219.8694	0	0	0	38.46193	1.396621	71.18436
0	0	0	0	0	0	0	0	0	0	0	0	0	0	0	0	0	5.336591	121.5546
433.8599	0	0	0	0	0	464.8141	558.5203	0	0	0	0	0	0	293.088	744.6518	0	0.6055406	81.48862
91.84331	0	0	0	21.08523	222.8449	176.5896	330.4537	517.0516	166.1294	3.58943	77.41846	0	129.3487	0	0	0	7.683346	177.0905
105.1572	0	0	0	171.3491	0	0	0	0	372.5003	524.6512	906.9766	453.7866	0	0	0	0	3.371269	119.4708
734.0911	734.0911	510.1997	69.73952	6.606903	4.404602	93.23074	579.9364	734.0911	734.0911	734.0911	734.0911	734.0911	734.0911	734.0911	734.0911	525.4976	6.731724	83.49307
571.8616	734.0911	734.0911	734.0911	734.0911	706.1964	38.17321	0	0	0	0	0	330.3451	413.2985	734.0911	734.0911	734.0911	6.224483	165.2353
210.5248	10.2788	47.22919	0	25.70388	100.7563	218.5488	129.9893	270.7465	413.7505	72.40675	0	0	0	0	124.0549	156.225	6.555913	98.10563
464.0531	462.4529	475.131	459.1042	453.2145	453.2145	453.2145	453.2145	453.2145	453.2145	384.3256	123.7261	391.3963	73.41995	304.1063	453.2145	453.2145	4.578354	172.5042
95.57662	0	0	0	0	405.5317	893.246	902.7848	1128.71	1091.777	853.6253	52.6361	368.5952	0	0	0	0	1.965169	133.6419
