664.0878	0	11.66996	400.5059	513.9633	336.8573	5.856435	0	0.8151765	46.11582	667.6616	910.3264	376.8651	0	0	0	0	3.643416	153.969
575.3233	0	69.39687	493.2075	412.4214	19.52085	0	3.612337	241.0653	1747.851	1496.529	593.3243	294.0826	499.1329	0	0	0	3.661318	60.53055
849.7757	25.44759	318.7659	978.6098	987.0814	397.3568	0	0	5.291137	717.8286	331.7481	618.6105	405.7177	923.077	213.0371	9.033848	0.9030842	3.287508	177.5454
0	0	0	0	0	0	0	295.7735	655.222	610.653	0	66.82821	360.3307	91.13518	0	0	0	3.740328	138.0393
0	0	0	0	0	0	0	0	0	0	0	0	0	0	0	0	0	4.207021	72.09509
0	0	0	0	0	0	0	0	0	0	0	0	0	0	0	0	0	3.840205	14.05966
123.5104	764.6614	1151.989	1154.298	1154.298	1154.298	1098.891	192.7682	0	0	0	0	0	0	0	0	440.0051	5.622793	44.29895
36.84745	0	0	0	0	0	240.3088	797.0214	801.0266	796.2204	352.5524	71.18276	0	0	0	0	0	5.273861	136.9593
258.6671	0	0	0	0	372.925	1569.458	1586.914	1586.914	1586.914	1586.914	1459.961	92.04116	0	0	0	0	4.501824	114.6858
257.1303	801.0266	801.0266	801.0266	794.6183	801.0266	801.0266	801.0266	105.7363	0	0	0	0	0	0	0	79.30219	5.282536	113.0355
0	0	0	0	0	0	0	0	0	0	0	0	0	0	0	0	0	5.464776	112.4588
468.3741	624.6049	478.1816	59.2949	0	0	0	0	0	207.0536	479.2872	478.384	1555.83	768.3242	512.6769	916.9838	1643.857	3.603374	162.3652
0	0	0	0	0	0	0	122.3561	932.6725	207.7741	0	0	0	0	0	0	0	6.33125	167.2327
68.23745	1310.791	1586.914	1586.914	1586.914	1572.632	763.3058	0	0	0	0	0	0	0	0	0	25.39068	4.307575	128.4309
0	0	0	0	0	0	0	44.21658	169.1119	1.413902	0	40.63877	0	0	0	0	0	3.555001	21.43632
0	0	0	0	0	0	0	0	0	0	0	0	0	0	4.160491	167.0058	19.25226	3.221551	59.45609
1309.365	197.7921	24.17021	52.01518	394.79	1783.993	1587.73	64.25055	0	0	0	0	0	0	1026.696	2097.193	1312.493	4.008654	131.8021
0	0	0	0	0	0	0	0	0	0	0	0	0	0	0	0	0	4.611027	171.4401
0	0	0	0	0	0	0	0	0	0	0	0	0	4.275924	0	0	0	3.508511	110.6408
1.912741	56.15213	77.88905	0	0	0	0	0	0	0	0	0	0	120.0849	468.697	480.0978	117.0049	3.837998	137.8605
0	0	0	0	0	0	0	0	0	0	0	0	0	0	0	0	0	3.883279	144.6909
624.1613	90.31604	178.1237	537.3029	633.0634	663.5825	652.9088	652.2548	651.2325	651.6125	666.0894	857.2536	857.2536	491.2364	11.1444	0	0	2.132725	123.9488
0	0	0	0	0	0	0	0	0	0	0	0	0	0	0	0	0	3.983213	95.0065
1586.914	1586.914	1586.914	1586.914	1586.914	1586.914	1586.914	1586.914	1586.914	1586.914	1586.914	1586.914	1586.914	1586.914	1586.914	1586.914	1586.914	3.280106	48.54251
551.2686	0	0	0	0	0	5.607225	0	0	0	0	0	0	0	0	55.52766	13.17774	4.401995	5.346614
756.1691	620.7958	73.69496	4.005156	0	11.21444	233.0995	801.0266	801.0266	748.1589	155.4001	20.02578	9.612374	57.6743	427.7487	801.0266	801.0266	4.973835	107.7738
0	0	0	0	0	0	0	0	0	0	0	0	0	0	0	0	0	0.6747429	146.7406
0	0	0	0	0	0	0	0	0	0	0	0	0	0	0	0	0	5.183257	54.53473
1065.446	70.19986	152.759	929.1052	2064.818	1457.762	0	0	0	0	0	0	0	997.3076	2064.818	1311.083	227.101	3.159004	19.15378
0	0	0	0	0	0	0	0	0	0	0	0	0	0	0	0	0	2.97295	46.32965
0	6.414762	414.8474	0	0	0	0	0	0	0	0	0	0	0	0	0	0	2.617071	178.0839
284.0578	0	0	0	0	77.75893	1499.634	1586.914	1586.914	1586.914	1586.914	1470.464	220.0477	608.8155	2.568034	7.960878	0	2.547995	4.435265
0	0	0	0	0	0	0	0	0	0	0	0	0	0	0	0	0	5.511383	92.88262
1586.914	1586.914	1586.914	1586.914	1586.914	1586.914	1586.914	1586.914	1586.914	1586.914	1569.458	520.508	66.65054	23.80376	103.1496	817.2609	1586.914	3.121771	94.12553
794.2703	808.2234	912.1473	805.7087	981.4247	1142.805	795.5371	695.7303	776.9016	857.2536	857.2536	576.0793	518.7837	820.6751	633.3214	634.7435	747.3839	1.692651	162.7885
0	0	0	0	0	0	0	0	0	0	0	0	0	0	0	0	0	1.475244	109.8721
1586.914	1586.914	1586.914	1586.914	1586.914	1586.914	1586.914	1586.914	1586.914	1586.914	1586.914	1586.914	1586.914	1586.914	1586.914	1586.914	1586.914	3.602815	70.65036
155.1641	857.2536	857.2536	650.6591	347.1906	379.7669	0	0	152.7353	1176.865	1449.419	1057.083	33.02321	0	0	42.86308	486.0683	2.666053	25.09723
551.2194	101.1569	703.7971	837.239	817.9141	691.3472	466.121	751.8132	318.0435	0	0	0	0	0	0	7.715351	18.00249	2.503579	63.42685
1586.914	1586.914	1586.914	1586.914	1586.914	1586.914	1586.914	1559.074	986.3165	984.7297	1505.633	1586.914	1586.914	1586.914	1586.914	1586.914	1586.914	3.409759	89.72728
0	0	724.7755	1010.293	579.8204	658.8868	1267.259	54.90723	0	0	0	0	0	0	0	0	274.5362	4.181849	25.15344
0	0	0	0	0	0	0	0	0	0	0	0	0	0	0	0	0	4.331082	149.2567
0	0	256.9659	1144.267	1113.519	298.6953	0	0	0	0	0	0	0	0	0	0	0	4.246981	178.8122
1586.914	1586.914	1586.914	1586.914	1586.914	1586.914	1586.914	1586.914	1586.914	1586.914	1586.914	1586.914	1586.914	1586.914	1573.146	1586.914	1586.914	3.447626	48.98767
181.0677	0	0	0	0	44.13091	161.262	232.9965	1227.76	1823.026	1160.719	288.0846	738.1108	881.8501	702.8374	0	0	3.44009	33.10495
59.53763	0	0	412.9253	1972.593	1371.929	1017.773	1096.126	42.76171	0	0	0	0	0	0	0	0	3.296422	149.3071
184.4421	0	76.33948	796.67	904.02	890.6132	676.2708	750.0203	906.5515	852.5774	54.65525	0	0	84.04407	311.5279	254.2151	21.95179	3.090912	0.7618103
0	5.136129	0	0	0	0	0	0	0	0	0	0	0	0	0	0	0	1.657029	171.0419
0	0	0	0	0	0	0	0	0	0	0	0	0	0	0	0	0	4.164608	144.5952
0	0	0	0	0	0	0	0	0	0	0	0	0	0	0	0	0	4.587704	95.78281
227.3661	0	10.64771	624.9245	538.753	733.3383	913.864	669.7864	0	0	0	0	0	0	0	0	0	3.952865	130.6547
128.2585	649.1469	660.1151	630.9193	626.428	144.5094	0	58.97077	97.54131	416.9903	397.788	53.79961	0	0	0	147.7471	747.3943	2.864137	76.21002
2.167333	0	261.8295	686.3975	723.2841	695.0767	48.46039	0	0	0	0	0	0	0	133.3392	344.5231	276.4109	2.899126	41.76831
0	0	0	0	0	0	0	0	0	0	0	170.6196	718.5209	792.2153	793.0163	745.7558	220.2831	4.632627	128.798
0	0	0	0	0	0	0	0	0	0	0	0	0	0	0	0	0	4.582036	107.2576
0	0	0	0	127.3848	213.0401	0	0	0	0	0	0	0	0	0	0	0	4.003057	36.14099
761.8959	0	1443.253	2064.818	1298.771	540.9822	468.7135	1263.669	2064.818	1391.607	0	0	0.8572612	699.7722	118.3021	0	0	3.000555	72.18779
0	271.4782	0	0	0	0	0	0	0	0	0	0	0	867.361	140.2431	1403.511	252.222	3.561818	141.9828
116.5846	0	0	0	0	0	0	0	0	0	623.321	1153.143	1154.298	1154.298	1154.298	901.5065	30.01183	5.820947	111.4949
0	0	0	0	0	0	0	0	0	0	0	0	0	0	0	0	0	5.298901	70.0712
5.148742	0	0	0	0	0	199.2967	1590.745	1522.465	1366.205	1599.126	699.4949	0	0	0	0	0	4.325908	133.2208
1521.734	0	834.0148	476.1414	0	0	0	10.31236	1042.66	2064.818	1100.548	0	0	0	0	0	0	1.914716	147.0949
69.04231	0	0	0	0	0	0	0	0	155.4101	455.7071	288.3441	717.8913	111.9863	61.32457	0	0	4.265958	164.9224
456.9609	0	0	0	957.5969	1798.414	1003.064	619.5135	498.5013	754.975	967.313	1055.202	458.3455	0	0	0	0	3.537294	174.6712
77.15474	0	1525.183	2175.658	2132.591	1995.815	1064.705	0	193.7592	165.091	0	0	527.3575	0	0	0	0	4.591012	92.72644
0	0	0	0	0	0	0	0	0	0	0	0	0	0	0	0	0	5.180984	100.2771
0	0	0	0	0	0	0	0	0	0	0	0	0	0	0	0	0	1.198686	17.66229
2.19629	274.6208	16.51853	0	0	0	0	623.7462	909.2637	0	0	0	0	0	106.8293	0	0	3.069164	38.84488
231.3851	0	0	0	0.7207544	335.1532	360.3799	364.8973	749.8881	1122.586	409.7469	1492.488	360.3799	240.0123	0	0	0	2.888112	117.5659
6.194434	0	0	0	51.62029	1761.29	2054.458	253.8965	0	0	0	0	0	0	0	0	0	1.771139	137.8911
660.5093	0	0	1.763712	449.7484	626.9995	880.0864	881.8501	881.8501	881.8501	391.5452	24.69198	0	0.8818562	21.21599	320.9754	364.1646	4.988647	114.877
878.8071	1154.298	1026.171	21.93173	0	0	0	5.906569	0	83.10973	98.11568	223.9342	951.6988	1321.586	1546.312	1162.358	1154.298	5.240736	89.69688
29.31129	0	0	0	603.2088	695.7876	604.935	42.05026	0	0	0	0	0	0	0	0	0	3.094384	56.90329
35.36567	6.200373	0	0	0	0	0	980.0876	469.2363	970.0337	2.922855	0	0	0	0	0	374.7045	3.713232	92.147
464.5633	89.68884	467.2616	774.5876	689.8523	643.6452	712.2692	634.0443	661.9232	635.7667	566.6725	7.526331	0	0	0	0	0	2.603139	174.5458
571.6461	0.8818562	0	59.60353	404.5814	1147.59	1702.605	1639.13	1511.155	906.1486	619.5135	408.3006	881.8501	881.8501	881.8501	881.8501	248.6829	3.30094	43.41753
0	0	0	0	0	0	0	0	0	0	0	0	0	0	0	0	0	2.647821	144.3937
533.9022	881.8501	685.2007	269.8476	12.30435	483.4149	486.0907	495.4371	331.7302	0	0	0	12.34598	395.0726	881.8501	368.8324	881.8501	4.585939	148.7257
0	0	0	0	0	0	0	0	0	0	0	0	0	0	0	0	0	3.804696	35.88927
0	0	0	0	0	0	0	0	0	0	0	0	0	0	0	0	0	3.694811	83.94125
0.9563705	441.8263	532.5385	0	0	0	0	0	0	0	0	0	0	0	83.20425	434.189	208.4881	4.010198	110.2271
0	0	0	0	0	0	0	0	0	0	0	0	136.2077	526.36	234.3229	0	0	4.214647	60.99792
3.59533	0	0	8.217765	162.7565	0	0	0	0	0	0	0	0	0	0	0	0	5.492124	172.1048
67.73104	0	0	0	0	0	0	193.6939	807.0143	912.0165	694.9997	494.2982	85.54008	0	0	0	0	5.727096	82.35226
777.9374	14.37137	0	0	1.798933	156.7507	874.9492	856.8237	81.49477	0	0	0	11.78119	253.8323	113.6741	186.2168	0	3.212014	84.62119
0	311.1068	0.9030842	481.3429	835.8963	140.1233	0	0	0	0	0	0	0	0	181.2193	782.6213	894.3086	3.634543	38.41422
0	0	0	0	0	0	0	0	10.8133	29.86532	0	0	0	0	14.41774	0	0	2.586071	5.769501
0	0	0	0	181.739	593.2241	734.6685	583.7944	10.28713	0	0	0	0	0	102.8714	0	0	1.239009	128.0166
0	0	0	0	0	0	0	0	0	0	0	0	0	0	0	0	0	5.40656	120.5949
0	0	0	0	0	0	0	0	0	0	0	0	0	0	0	0	0	1.139872	167.7861
469.5747	759.9636	728.6763	723.2841	723.2841	541.666	0	0	0	0	0	0	13.58712	145.4832	279.1886	658.1901	739.3629	0.4826533	136.9211
445.95	0	132.0182	516.0726	92.58425	0	0	1211.958	2064.818	1808.781	1152.169	1561.003	2064.818	1779.752	0	0	0	2.774766	38.92676
0	0	0	0	0	0	0	0	0	0	0	0	828.3693	1458.374	1512.329	1333.008	558.5939	2.579137	103.7874
0	0	0	0	0	0	0	0	0	0	0	0	0	0	0	0	0	4.735242	95.38336
381.2892	0	0	0	0	0	0	0	709.7097	801.0266	801.0266	801.0266	801.0266	801.0266	744.9548	402.917	0	4.851061	86.81171
0	364.584	1181.604	494.1651	445.8467	344.8174	0	0	0	0	0	0	0	0	0	0	0	3.423003	175.6761
10.41342	0	16.82168	741.7507	801.0266	768.1846	122.558	0	0	0	0	0	0	0	0	134.5473	412.9024	4.985094	0.5507192
328.3601	0	0	10.83701	1343.612	1758.88	815.2411	188.1408	32.73483	0	0	0	0.4046833	309.02	517.332	496.9279	131.0336	3.760894	177.808
0	0	396.4449	1414.401	993.1767	0	0	0	0	0	0	0	0	0	0	0	146.6017	2.295058	98.3335
3.742294	2088.717	2002.361	1220.922	140.6548	128.5578	0	0	0	0	0	0	0	0	0	76.74882	1615.776	3.644037	138.9619
