115.5947	0	0	0	210.0763	618.1658	0	88.50222	743.235	1433.948	1742.614	34.31719	0	0	0	0	0	2.11341	145.4679
351.477	857.2536	845.9809	328.2155	1.881582	0	0	0	0	0	0	0	0	0	211.7429	526.3594	857.2536	3.218541	60.83905
0	0	0	0	0	0	0	0	0	0	0	0	0	0	0	0	0	4.884626	121.336
0	0	0	0	0	0	0	0	0	0	0	0	0	0	0	0	0	6.504504	125.4577
733.4163	723.2841	723.2841	726.2184	773.6934	723.2912	382.6201	36.16447	5.063024	17.35894	146.1043	660.3599	512.3834	732.9984	734.0657	723.2841	723.2841	2.703872	44.02353
329.3762	152.4034	1294.001	745.5963	626.5635	614.1577	744.376	1578.986	698.223	0	0	0	0	408.189	0	0	0	2.92857	106.9786
665.5145	792.9607	462.0647	678.3843	696.9606	631.6982	669.9684	635.754	552.4218	131.0839	17.56144	0	0	0	60.00831	120.8739	348.0479	2.891716	164.2874
0	0	0	0	0	0	0	0	0	0	0	19.71701	0	0	0	0	0	1.473873	135.2584
657.8638	184.3078	0	0	0	0	0	13.22784	270.7295	292.7761	694.019	881.8501	881.8501	881.8501	881.8501	476.2043	210.7633	2.400403	46.53415
1166.612	0	0	0	0	0	0	0	0	0	0	0	0	33.01745	1408.08	2064.818	699.9734	4.343414	77.95528
56.84746	0	0	134.2208	629.1872	649.5681	745.9851	857.2536	857.2536	750.0988	40.29129	0	246.7096	0	0	0	0	1.607789	80.81892
737.2094	0	0	0	0	52.63272	426.9597	4.9092	0	44.1216	6.286469	0	0	30.6244	588.3631	908.5182	451.0185	2.29442	160.2036
1503.151	1887.193	2000.809	280.815	0	0	0	0	342.7596	2048.3	1730.244	68.10417	0	501.7387	0	0	80.50015	4.038343	30.10349
0	0	0	0	0	192.7588	24.2316	0	0	0	0	0	0	0	0	0	0	1.833589	25.83609
315.3535	723.2841	723.2841	724.2316	737.7346	723.2881	699.4163	280.6352	0	0	0	258.0314	384.9373	276.7882	1314.171	141.7646	723.2841	2.244152	57.86819
451.7775	0	0	0	21.43154	742.3836	857.2536	857.2536	816.9943	701.3494	639.3242	853.1127	857.2536	857.2536	432.9176	0	0	1.698385	74.07175
275.8776	0	0	0	0	0	0	320.8952	1194.435	1277.172	1154.298	875.4714	2.824842	1.027189	6.419866	3.595201	0	7.420527	126.5123
662.2941	12.23635	454.8749	426.4245	171.0712	0	0	0	0	0	954.347	1730.51	994.1396	439.0267	225.7718	172.4894	0	1.183732	57.87548
591.4673	989.5455	967.287	1081.79	1001.474	450.6383	105.8228	305.1223	783.0845	881.8501	881.8501	881.8501	881.8501	881.8501	836.6564	509.3382	1228.26	0.5693081	104.1308
0	0	0	0	0	0	0	0	0	0	0	0	0	0	0	0	0	4.615183	21.96906
68.08773	0	0	355.6564	799.4245	801.0266	801.0266	393.3046	0	0	0	0	0	0	0	0	0	5.39472	176.6162
469.3832	55.27295	30.68415	224.6337	671.5462	778.1757	720.4578	700.7562	88.6288	113.0477	304.7695	500.6089	525.903	503.6365	490.3329	411.2066	142.9894	1.905945	100.0048
274.9577	1586.914	1578.163	130.9699	0	0	0	0	0	0	0	0	8.474496	1.027178	0	907.715	1586.914	5.07178	124.7339
0	0	0	0	0	0	0	0	0	0	0	0	0	0	0	0	0	4.62434	165.8474
0	0	0	0	0	0	0	0	0	0	0	0	0	0	0	0	0	6.067639	161.1243
0	0	0	0	0	0	0	0	0	0	0	0	0	0	0	0	0	6.220657	124.7706
0	0	0	0	0	0	0	0	0	0	0	0	0	0	0	0	0	5.415159	52.91275
239.0931	360.3799	833.979	672.1799	845.2919	624.3875	85.39278	161.9031	667.5926	723.2841	723.2841	720.3911	532.3417	5.063024	521.3475	19.09999	187.7569	1.944605	91.16391
22.77652	723.2841	735.0863	723.0389	610.8817	34.71789	0	0	0	0	707.6152	482.1477	231.4407	170.7119	0	52.07684	692.1837	2.996736	9.339539
767.3335	317.3605	217.6552	708.9705	1012.473	1137.851	24.62977	0	0	0	0	0	344.9479	984.6827	909.0138	495.7921	169.5368	1.084132	52.84363
116.4054	723.2841	722.9361	569.3525	949.127	498.965	717.3077	717.3146	247.9863	0	0	0	0	0	506.3039	721.8376	723.2841	1.552984	148.0685
736.7496	385.4359	1586.914	1586.914	1586.914	1586.914	1586.914	1586.914	1586.914	787.1358	0	0	0	821.2051	0	0	0	5.971652	18.01486
12.01547	720.924	779.3989	744.9548	506.2492	0	0	0	0	0	0	0	157.8031	0	0	0	336.4318	5.300551	74.63657
703.2287	0	3.576469	564.8472	911.9379	439.0549	7.381341	0	0	8.7071	292.4273	871.7955	226.1411	62.15159	0	0	0	2.588364	100.465
0	0	0	0	0	0	0	0	0	0	0	0	0	0	0	0	0	6.827121	62.77841
721.2659	689.5873	660.2079	631.6108	671.3951	717.6017	727.5883	732.5839	857.2536	857.2536	744.9553	103.7287	646.9697	454.3493	819.5351	459.4929	314.8801	1.884048	53.28926
0	0	0	1.79763	7.447194	5.906313	6.420015	5.392875	390.709	751.8892	1396.485	1504.395	1393.311	566.5285	0	0	0	7.430704	48.75196
609.7576	0	0	0	731.475	1859.381	1007.06	444.3167	193.2605	222.1594	645.7028	1008.228	370.3324	151.5052	0	0	0	1.374614	120.4376
0	0	0	0	0	0	0	0	280.6352	349.3484	41.95078	0	0	0	0	0	0	3.570564	131.412
0	0	0	0	0	0	0	0	5.424517	2.709252	0	0	0	89.54023	670.8477	368.9458	0	1.641307	165.1821
0	0	0	0	0	0	0	0	0	70.28172	605.5094	746.0751	655.9689	184.7147	0	116.2351	0	4.564349	23.48723
43.80785	356.1058	948.2756	904.5154	602.8655	0	0	0	0	0	0	190.8565	221.2563	55.31225	449.0713	480.0209	240.0183	1.666746	99.81705
0	0	0	0	400.3638	775.1479	805.1304	714.3013	214.2907	0	0	0	0	0	0	0	0	0.8672732	131.4578
352.3343	857.2536	840.9661	420.0585	166.3084	0	0	0	0	0	0	0	0	0	0	242.6151	857.2536	1.417338	146.2274
1586.914	1586.914	1586.914	1586.914	1586.914	1586.914	1586.914	1586.914	1545.198	1189.573	1100.453	1022.771	1540.077	1586.914	1469.765	1586.914	1586.914	6.828608	27.98438
0	0	0	0	0	0	0	0	0	0	0	0	0	0	0	0	0	4.732235	117.0656
0	0	0	0	0	0	0	0	0	36.29016	265.896	0	0	0	0	0	0	3.459611	16.93057
1.763712	859.8042	545.8706	0	0	0	0	0	0	728.9311	336.7728	0	297.1028	0	661.3911	880.0864	881.8501	2.317941	113.5598
0	0	853.0351	1754.6	1827.048	1345.18	26.86711	0	0	0	0	0	0	0	0	0	0	4.378919	24.9913
1114.983	0	52.37886	795.6134	986.5224	734.1821	69.98083	0.9030842	0	37.36515	741.8846	1344.334	963.1129	242.9305	0	0	0	1.449867	57.72211
0	0	0	0	0	0	0	0	0	0	0	0	0	0	0	0	0	5.883684	9.918427
531.8478	723.2841	723.2841	718.9445	584.8055	16.90215	0	0	0	0	0	182.0723	439.3743	656.7436	723.2841	777.2495	358.6553	2.27913	84.41516
0	0	0	0	0	0	0	0	0	0	0	0	0	0	0	0	0	6.03753	149.9586
0	0	0	0	0	0	0	0	0	0	0	0	0	0	0	0	0	4.630294	32.20633
1255.249	1117.188	3.173834	0	0	0	0	360.9416	1051.502	1102.466	1356.037	1586.914	871.0204	1586.914	1586.914	1586.914	1586.914	7.208692	11.22567
268.5358	0	0	0	0	0	48.85214	749.1503	1179.133	973.0557	855.6966	703.7989	294.1024	0	0	0	0	3.548086	16.17233
0	0	0	0	0	0	0	0	0	0	0	0	0	0	0	0	0	1.709375	18.43266
158.6916	0	510.9865	1567.871	1586.914	1586.914	1586.914	1577.393	551.3098	0	0	0	0	0	0	0	0	6.645049	174.5586
0	0	0	0	0	0	0	0	0	0	0	0	0	0	0	0	0	3.844065	157.3694
0	0	0	67.23315	90.91858	25.05877	0	0	0.7352055	0	4.339735	339.2223	507.0272	0	0	0	0	3.475899	122.6896
695.0048	591.2795	0	2.508777	73.38171	7.526331	0.6271942	26.36522	310.9425	697.7737	757.5737	1617.532	933.0041	861.6361	648.6721	835.6285	857.2536	2.988876	97.35918
0	0	0	0	0	0	0	0	0	0	0	0	0	0	0	0	0	3.602292	103.2616
1209.324	1550.636	1652.999	399.19	0	0	0	0	0	0	256.8696	2093.166	1824.624	394.4186	54.96817	61.01955	301.6712	4.747352	70.02895
16.47742	0	0	0	0	0	0	0	0	0	0	269.3033	588.4127	1050.378	1152.1	883.9113	80.93276	5.319769	110.0098
0	0	0	0	0	0	0	0	0	0	0	0	0	0	0	0	0	5.483533	176.4478
0	0	0	0	0	0	0	0	0	0	0	0	0	0	0	0	0	5.173278	126.0573
41.83512	0.3536554	0	0	0	0	0	0	350.9058	5.270491	0	0	0	90.00422	1178.024	422.9614	689.4882	3.504482	36.32132
30.95663	2064.818	2064.818	2011.112	867.1286	0	0	0	0	0	231.4597	737.2402	173.1664	0	0	1081.856	2031.752	3.825116	111.8914
0	0	0	0	0	0	0	0	0	0	0	0	0	0	0	0	0	4.515159	107.4626
66.54263	0	0	0	0	0	148.2741	702.3104	723.2903	730.2338	735.9252	722.7845	300.8875	0	0	0	0	3.195952	117.1663
103.8738	0	0	0	0	0	0	0	0	0	5.136106	4.108789	664.9172	1586.914	1586.914	1454.338	137.153	5.113069	172.9222
371.0436	0	0	0	0	5.906456	3.595249	2.311229	1.797646	411.1871	1154.298	1178.999	1255.603	1154.298	378.1268	0	0	7.286233	3.805084
0	0	0	0	0	0	1.544758	0	0	0	0	0	0	0	0	0	0	5.729471	99.75895
57.30002	144.511	361.9155	371.2811	377.3216	360.3799	360.3799	260.5541	0	0	0	0	0	0	0	0	0	1.106702	16.37994
879.6373	704.8149	778.6102	718.361	705.2046	759.9489	816.6095	996.3199	836.533	734.9063	712.3275	650.9837	645.9506	672.4632	700.0327	636.3903	686.678	2.538715	104.742
0	0	0	0	141.0971	633.1724	283.9575	201.8443	134.7718	0	0	0	0	0	0	0	0	1.854663	103.452
0	0	0	0	0	0	0	0	0	0	0	0	0	0	0	0	0	3.887787	150.721
674.7414	77.46667	0	0	0	134.2444	136.1086	63.99371	769.2082	0	0	0	0	0	192.732	176.9003	798.644	3.077903	23.07108
65.01456	0	0	0	0	0	0	0	528.6721	1984.192	579.7636	0	0	0	0	0	0	5.272419	33.10225
260.8524	109.1377	255.3497	977.8422	351.7	0	0	0	0	0	0.2706102	34.89167	0	0	0	8.82174	150.6723	2.719395	6.624054
0	0	0	0	0	0	0	0	0	0	0	0	0	0	0	0	0	4.401981	171.8969
0	0	0	0	0	0	0	0	0	0	0	0	0	0	0	0	0	2.872681	69.60754
0	0	0	0	0	0	0	0	0	0	0	0	0	0	0	0	0	4.593901	156.6681
262.1582	1154.298	1155.373	1180.89	1089.657	114.2759	0	0	5.392848	3.595225	0	0	0	0	0	0	540.2116	7.599917	125.8079
0	0	0	0	0	0	0	0	0	0	0	0	0	0	0	0	0	4.10781	172.5387
3.204125	640.8215	498.239	96.12389	0	0	0	0	0	0	0	0	0	153.798	649.6328	765.7814	764.9804	5.599444	132.0887
0	0	0	0	0	0	0	0	0	0	0	0	0	0	0	0	0	3.145547	76.73444
155.6801	0	0	2.19629	1161.837	204.2549	0	0	0	0	628.8061	801.0266	619.1938	0	0	0	0	6.322358	145.927
0	0	0	0	0	0	0	0	0	0	0	0	0	0	0	0	0	3.094699	28.03628
0	0	0	0	0	0	0	0	385.3816	1260.982	891.2628	28.93571	0	0	0	0	0	6.199774	107.4461
0	0	0	0	0	0	0	0	0	0	0	0	0	0	0	0	0	6.398273	11.95386
0	0	0	0	0	0	0	0	0	0	0	0	0	0	0	0	0	3.880088	137.8732
0	1152.169	105.3054	0	0	0	0	0	0	0	0	0	0	0	59.87965	1059.252	148.6667	4.653162	29.95715
0	324.3417	115.6807	0	0	0	0	0	0	0	0	31.74683	74.07592	10.45094	261.6352	346.6151	361.0438	0.9514312	88.47762
45.18253	0	0	0	0	0	0	0	0	0	262.9566	1836.664	1412.869	917.1486	1383.191	320.6569	0	4.98004	30.3029
0	317.9347	0	0	0	0	0	0	0	0	0	0	0	0	0	873.4173	33.03312	4.450178	74.09921
515.7921	723.2841	723.2841	721.8376	504.8573	402.3575	1083.38	541.2286	1683.029	716.2716	992.4484	383.7813	41.14027	0	0	506.4695	721.6106	1.637743	113.7873
550.1572	206.6808	0	0	0	15.30193	199.4764	534.2065	843.4111	1527.826	189.5273	0	292.3331	27.35448	695.0643	123.7562	514.9425	2.519364	95.74707
46.28792	0	0	0	0	47.0398	1036.848	1969.232	352.1468	0	0	0	0	0	0	0	0	5.211108	73.08237
51.9752	167.018	0	0	0	14.41677	779.4144	1126.82	801.0266	785.8071	447.7744	0	0	0	0	0	219.4422	3.783121	4.633575
