610.9621	0	0	0	0	0	0	680.7863	1586.914	1586.914	1586.914	1586.914	1586.914	1586.914	1379.029	0	0	7.736531	56.86016
1586.914	1586.914	1586.914	1586.914	1586.914	1586.914	1586.914	1586.914	1586.914	1586.914	1586.914	1586.914	1586.914	1586.914	1586.914	1586.914	1586.914	6.671324	136.9382
180.6576	1164.798	45.88609	0	0	0	0	0	0	0	0	1868.023	696.6965	24.72331	4.635934	513.9773	747.5226	4.491294	9.416322
661.6642	652.5521	645.5554	592.4779	217.1404	73.64986	62.1966	253.3873	206.3475	599.3288	857.2536	857.2536	747.0513	661.868	779.4384	747.8664	633.2474	3.368839	53.31177
300.0417	0	0	1375.695	1169.927	702.2928	650.139	808.7275	1623.56	533.4119	0	0	0	0	425.8162	0	0	2.218794	120.5359
0	700.6163	355.7989	0	0	0	0	0	0	0	0	0	0	0	0	0	68.08497	6.479423	151.6217
0	0	0	0	0	0	0	0	380.9628	738.1108	737.229	509.3847	329.6329	362.4754	365.3487	351.9837	157.1244	0.2465173	131.5286
23.52049	1805.98	1290.556	1615.965	317.9292	0	0	0	0	0	0	0	0	0	369.9431	76.84227	1669.74	6.065647	44.01205
472.2022	0	0	0	557.8575	795.0567	0	0	0	0	10.98145	0	120.7959	0	0	0	0	6.000981	54.77921
0	0	0	0	0	0	0	0	0	0	0	0	0	0	0	0	0	6.39045	104.6396
0	0	0	0	47.03447	6.412089	0	0	0	0	0	0	0	0	0	0	0	6.305221	94.66852
0	0	0	0	0	0	0	0	0	0	0	0	0	0	0	0	0	6.704835	90.68042
0	0	0	0	0	0	0	0	0	0	0	0	0	0	0	0	0	5.247654	65.60213
0	2050.365	1959.513	836.2513	0	0	0	0	0	0	0	0	0	0	284.9447	1779.874	2035.911	5.327698	41.35837
0	0	0	0	0	0	0	0	0	0	0	0	0	0	0	0	0	3.633665	78.6377
509.4533	926.2045	801.0266	801.0266	634.4133	0	0	0	0	0	43.36104	0	461.269	666.4543	801.0266	946.0851	1150.528	5.278297	78.49179
10.78405	0	0	0	0	0	0.8919283	885.1334	896.5615	513.3583	0	0	0	0	0	0	0	4.259115	122.0106
88.78704	0	0	0	138.3428	1775.745	2064.818	2064.818	2060.688	1319.419	0	0	0	0	0	0	0	4.842107	141.6633
0	0	0	0	0	0	0	0	0	0	0	0	0	0	0	0	0	3.766242	132.9872
0	0	0	0	0	0	0	0	0	0	4.87919	0	0	0	0	0	0	4.682347	55.82538
0	0	0	0	0	0	0	0	0	5.017553	89.68884	0	0	0	0	0	0	4.490425	160.5802
72.05708	0	0	0	0	0	0	0	0	0	0	0	1077.773	1780.904	1075.607	1083.249	660.0107	5.477784	5.062531
0	0	0	0	0	0	0	0	0	0	0	0	0	0	0	0	0	2.89113	34.27776
1586.914	1586.914	1586.914	1586.914	1524.465	1068.276	1207.109	1585.327	850.6124	427.5584	451.8756	1195.789	1586.914	1586.914	1586.914	1586.914	1586.914	6.90816	75.64854
0	0	0	0	0	0	0	0	0	0	0	0	0	0	0	0	0	4.61199	80.87378
0	0	0	0	0	0	0	0	0	0	0	0	0	0	0	0	0	3.889001	86.42328
0	398.2166	0	0	0	0	0	0	0	0	0	0	0	0	148.2396	36.3434	1417.846	6.248851	30.37024
165.0651	0	0	0	0	0	0	7.190375	4.365654	4.879188	0.7704206	2.568027	679.3705	1154.298	1182.844	1153.143	282.3649	8.078153	53.34082
0	0	0	0	0	0	0	0	0	0	7.815565	533.7911	127.2215	12.6927	0	66.14174	208.4194	3.371155	131.3337
318.5866	802.237	1154.298	1154.298	1154.298	1421.617	1378.893	1192.818	258.5631	0	0	0	507.7648	0	0	0	0	7.59386	29.80152
12.34598	0	245.1555	835.1128	881.8501	881.8501	877.4409	628.3944	283.6185	298.7546	223.7951	14.41509	0	319.1903	0	0	0	0.2032756	16.97474
667.6729	571.6505	0	32.62869	690.4917	881.8501	881.8501	858.0405	178.1773	812.1946	1222.12	825.1628	355.4712	287.9036	492.0739	990.3513	933.8329	1.328906	175.0338
427.7418	0	0	0	983.865	840.3676	474.8343	286.4314	541.37	710.976	76.7423	230.729	0	0	0	262.7469	0	2.844575	133.2412
689.6734	744.5919	893.7079	989.6805	912.1893	785.9724	841.2189	857.2536	857.2536	619.7985	468.0656	857.2536	857.2536	857.2536	702.6624	649.4568	642.0997	2.898324	105.9341
196.7856	904.1688	749.2668	786.9648	700.9921	21.63453	0	0	0	0	0	0	0	0	247.7511	675.5492	880.2031	3.678293	151.2637
0	0	0	0	0	0	0	0	0	0	0	0	0	0	0	0	0	5.71177	140.9564
0	0	0	0	0	0.2567995	539.834	1536.601	1581.08	1564.395	1219.382	33.79281	0	0	0	0	349.8916	5.762918	76.953
1085.147	1033.096	1154.298	1154.298	1154.843	1277.779	1304.127	1169.652	1154.298	1154.298	1154.298	212.3913	0	0	0	0	64.64085	7.879507	95.64877
0	0	0	0	0	0	0	0	0	0	0	0	0	0	0	0	0	5.705258	54.011
0	0	0	0	0	0	0	0	0	0	0	0	0	0	0	0	0	5.572006	31.05266
3.081601	0	0	0	0	2.568	3.33846	0	0	0	0	0	205.7789	727.968	115.3304	683.9601	77.75893	8.287415	27.82593
0	0	0	0	0	0	0	0	0	0	0	0	0	0	0	0	0	4.511731	64.62186
0	0	0	0	0	0	0	0	0	0	0	0	0	0	0	0	0	4.470684	134.6507
0	0	0	0	0	0	0	0	0	0	0	0	0	0	0	0	0	4.213286	109.5072
0	0	0	0	0	0	0	0	0	0	0	0	0	0	0	0	0	5.186679	33.18569
0	0	0	0	0	0	0	0	0	0	0	0	0	0	0	0	0	3.538744	106.5312
0	0	0	0	0	0	0	0	0	0	0	0	0	76.87012	0	579.8204	564.4464	7.406127	19.525
200.0794	498.352	543.4532	0	0	0	0	18.97679	1831.57	1526.97	793.8073	101.1454	0	0	181.3008	341.4648	513.5635	0.9684679	85.06475
22.70375	0	0	0	0	0	0	0	0	289.0243	360.3799	263.0768	0	0	0	0	69.45142	0.87343	164.7468
0	0	0	0	0	0	0	0	0	0	0	0	9.783465	0	0	0.5149192	0	6.364073	38.08673
0	0	0	0	0	0	0	0	0	0	0	0	0	0	0	0	0	5.747029	129.5695
0	0	0	0	0	0	0	0	0	5.607218	31.24022	0	0	0	0	0	0	5.750499	101.566
0	0	0	0	0	0	0	78.0104	34.01296	0	0	374.7897	638.4634	550.2798	170.1982	0	0	1.360144	115.4833
18.51898	93.47681	770.7388	880.9683	881.8501	881.8501	301.5948	293.503	520.1752	326.0138	3.612337	0	0	0	0	0	0	1.608064	97.77377
0	0	0	0	0	0	0	0	0	0	0	0	0	0	0	0	0	5.245894	12.14313
1586.914	1586.914	1586.914	1586.914	1586.914	1586.914	1586.914	1586.914	1586.914	1586.914	1586.914	1586.914	1586.914	1586.914	1586.914	1586.914	1586.914	6.705494	83.10394
0	0	0	0	0	0	0	0	0	0	0	0	0	0	0	0	0	5.918482	44.39246
376.4888	0	5.40629	129.7508	625.3328	1216.188	801.1266	801.0266	801.0266	611.1835	0	0	0	275.9243	301.1496	0	0	4.799071	41.33386
600.8132	686.3576	675.1113	828.0626	857.2536	857.2536	514.3581	15.4307	0	0	1.714522	163.7366	797.2469	725.2388	855.7062	747.9696	664.0726	3.995351	45.79462
0	739.8745	846.5767	1.763712	347.3081	107.6701	0	0	0	0	0	0	0	0	145.9629	0	171.9619	1.083763	175.4404
0	0	0	0	0	0	0	0	0	0	0	0	0	0	0	0	0	4.34838	102.1481
0	0	0	0	0	0	0	0	0	0	0	0	0	0	0	0	0	2.578064	17.55827
0	0	0	0	0	0	0	0	0	0	0	0	0	0	0	0	0	5.779492	9.608063
0	0	0	0	0	0	0	0	0	0	0	0	0	0	0	0	0	3.389749	50.7984
2.112044	2019.299	1124.625	0	571.1799	1568.19	1419.782	334.4554	0	0	0	0	0	0	0	1384.321	2113.912	4.79459	19.3553
131.9771	0	3.338444	0.2568283	0	0	0	0	0	0	0	757.2194	1154.298	1154.298	256.7682	640.6354	13.85162	8.439498	4.046269
145.5063	881.8501	881.8501	296.3036	1.763712	0	0	0	0	0	0	0	0	246.0374	235.4552	871.2681	881.8501	1.382927	14.64294
0	0	0	0	0	0	0	0	0	27.79297	1277.983	974.3026	0	0	0	0	0	6.247358	106.2754
192.6808	293.2548	723.2933	723.3435	770.3489	729.6379	723.2841	723.2841	186.2998	0	0	0	0	0	0	0	0	2.809021	167.2284
0	0	0	0	0	0	0	74.55138	26.92311	0	0	0	0	0	0	0	0	4.062201	110.7707
49.72117	797.0046	1600.152	763.8661	0	0	11.1444	762.1001	857.2536	857.2536	224.6017	0	0	0	0	0	0	4.248915	130.7077
1021.474	184.0656	38.25482	27.73476	89.89887	397.9395	551.6073	1311.27	910.3955	3.907782	0	0	18.70741	230.3997	1702.798	676.4131	524.4151	2.023822	41.50659
0	858.454	611.3508	12.52709	0	0	0	0	0	0	0	0	0	85.66721	0	0	213.658	4.641261	39.33722
0	0	0	0	0	0	18.0522	0	0	0	0	0	183.4535	259.7492	0	0	0	2.70074	156.8329
52.86811	0	0	0	0	0.8010312	517.4636	800.2255	801.0266	801.0266	801.0266	662.4492	5.607224	0	0	0	0	6.736954	39.18411
0	0	0	0	0	0	0	0	0	0	0	159.2936	347.444	17.31453	0	0	0	9.186212	130.4205
591.9589	0	0	0	0	0	1.602062	794.6183	801.0266	801.0266	631.2092	486.2236	650.4338	402.1159	801.0266	755.3681	0	6.62621	60.42431
0	178.4695	0	0	0	0	0	0	0	0	0	0	0	0	0	290.2837	435.7778	3.327004	79.06784
251.7034	0	0	0	0	0	0	287.1449	723.2841	755.4781	726.2805	755.2958	775.842	727.4301	543.914	0	0	2.894746	103.2702
0	0	0	0	243.6957	142.6726	42.33216	4.253537	0	0	0	0	0	17.03998	0	0	0	2.427479	137.2819
312.7498	0	0	0	0	0	0	6.271942	545.9256	701.675	841.39	721.5568	749.9604	857.2536	830.6792	352.3343	0	4.039953	131.3618
48.75026	905.8848	912.4365	785.553	67.28962	0	0	1.881582	481.0599	524.7592	434.2192	53.37526	0	399.3163	410.5568	898.9422	909.6189	3.432726	62.44549
0	0	0	0	0	0	0	0	0	0	0	0	0	0	0	0	0	2.64345	17.68946
457.8761	838.1642	378.9096	0	0	0	0	0	0	0	53.98013	646.7958	789.1772	965.2793	912.0143	666.6318	854.723	3.940868	65.99791
0	0	0	0	0	0	0	0	0	0	0	0	0	0	0	0	0	3.560683	53.75543
0	0	0	0	43.86344	760.6823	1007.702	228.5514	0	0	0	0	0	0	0	0	0	9.222847	107.9118
0	250.9801	0	0	0	0	0	0	0	0	0	0	0	25.31513	417.3384	590.9263	570.6749	3.180741	1.1409
173.5069	0	0	601.7833	885.1046	133.9736	46.12208	118.5996	803.8419	722.5792	0	0	0	0	0	0	0	6.228006	97.65538
676.022	188.4303	712.4023	745.8328	1098.072	360.1028	126.3156	207.758	765.1871	842.3198	698.7535	450.8331	3.489441	0	0	0	0	3.915507	23.8108
897.4984	1034.204	845.2826	169.8895	804.2485	881.8501	826.2944	22.92826	0	5.418505	0	23.62447	277.2477	179.6175	170.7551	338.5903	1240.197	0.7825244	178.4634
0	0	0	0	0	0	0	0	0	0	0	0	0	0	0	0	0	6.363655	42.67703
0	0	0	0	0	0	0	0	0	0	0	0	0	0	0	0	0	0.9180547	44.42197
0	0	0	0	0	0	695.844	0	0	0	0	0	0	0	0	0	0	4.914799	105.5862
0	1041.43	52.67758	0	0	0	0	0	0	0	0	0	0	0	320.4377	1164.815	1062.403	2.94629	31.70103
953.7355	1586.914	1586.914	1456.34	52.36828	0	0	0	0	0	0	788.6965	1586.914	1586.914	1586.914	755.329	1586.914	7.176913	43.15994
0	0	0	0	0	0	0	0	0	0	0	0	156.0214	728.6678	811.8199	404.6277	0	2.39571	172.8509
608.0894	0	0	0	0	0	202.1554	1932.197	448.8094	0	0	0	757.4404	1767.996	481.9896	270.3688	0	5.066015	61.35119
0	0	0	32.32043	0	0	0	0	0	0	0	0	0	0	0	0	0	6.746742	116.0451
0	30.43918	32.04124	0	0	0	0	0	0	0	0	0	0	0	0	0	0	5.935472	87.78979
0	0	0	254.3612	537.2924	101.2605	0	0	0	0	0	72.86723	0	0	0	0	0	2.615	161.5744
