95.15925	104.2539	155.115	252.5551	295.9414	264.0363	267.2536	296.9594	351.8554	511.6405	486.2889	451.4753	478.7983	513.2709	516.2666	424.6036	375.0791	309.9364	327.6146	362.1259	250.9176	150.5547	103.3614	97.00774
51.24189	68.75	187.0687	252.3238	204.9429	168.0285	213.9356	221.5925	195.8535	89.61732	31.38862	32.6337	50.39799	17.51488	67.02672	92.27187	200.7169	125.6315	157.3005	233.9239	138.8886	79.04385	30.46399	78.91089
218.7701	206.979	171.4437	75.32424	0	0	0	50.69595	177.4318	197.5449	144.6514	154.1613	116.7116	113.2252	104.4917	128.1016	60.61077	98.7304	0	0	0	54.11242	204.7344	208.8655
111.6564	128.1635	96.46762	105.2868	139.776	111.0768	122.0058	100.4796	83.59608	106.1525	80.81555	72.41547	72.70912	75.50945	68.83591	67.09925	135.1714	120.7523	193.3298	170.0108	126.7395	84.33678	115.1578	106.5297
118.0599	56.01708	52.79551	67.01914	2.279882	0	0	66.56954	263.1343	724.5668	1131.069	1296.878	1261.88	1168.529	800.955	219.7833	62.83709	327.4819	0	5.056019	79.34157	169.3727	190.0665	143.8681
161.9669	220.5727	134.0995	154.9983	230.7455	195.4727	58.54013	1.51001	0	2.859258	44.2486	84.03445	87.92136	49.36726	7.077714	0.5062819	1.260521	108.6197	185.5709	143.1972	201.8699	208.0225	107.2752	145.2399
21.83928	9.769514	15.086	18.92839	62.6136	155.896	455.8801	1682.372	2011.397	1510.738	1141.915	936.139	971.8838	1070.76	1508.855	1995.148	1683.116	678.2679	259.613	62.08953	20.57631	16.43761	14.90824	19.29244
0	0	0	0	0	0	0	0	142.6511	582.1235	997.5699	1159.603	1142.752	963.4454	581.4443	33.16388	0	222.5999	0	0	0	0	0	0
111.6564	128.1635	96.46762	105.2868	139.776	111.0768	122.0058	100.4796	83.59608	106.1525	80.81555	72.41547	72.70912	75.50945	68.83591	67.09925	135.1714	120.7523	193.3298	170.0108	126.7395	84.33678	115.1578	106.5297
192.1972	107.338	162.6803	198.272	139.9356	157.5061	37.00549	2.535316	1.269234	3.616973	50.09884	83.073	140.1167	86.07368	2.820457	1.261782	3.539314	104.7034	153.1188	220.8612	241.5046	138.5749	208.9171	191.6925
60.07206	78.577	93.38765	97.59491	213.1857	198.1156	215.1384	134.8197	108.5914	45.3717	39.48554	23.80233	36.4169	68.70072	121.5042	205.6545	148.0363	122.0423	189.1569	151.9886	226.449	184.9441	122.5106	63.11299
110.3688	121.6744	176.0911	290.2151	421.2535	422.9685	424.073	461.8131	579.9705	636.918	614.0255	556.5794	682.7383	652.4074	620.1034	639.0474	609.5778	565.4679	557.2375	521.4618	276.0238	157.6586	114.1381	444.9096
429.7672	429.0485	437.9172	466.1296	537.7119	655.8619	630.9597	597.0197	247.7142	146.9929	109.664	67.84596	85.33656	101.5549	141.3162	233.5029	220.4854	310.2312	363.9277	436.1562	502.271	455.1517	421.0078	371.1573
0	0	0	0	0	0	0	195.039	332.0601	375.4532	395.8485	406.3762	403.6467	388.3642	404.7936	421.8043	107.5122	0	0	0	0	9.365164	31.07305	151.9281
22.9355	25.68516	30.76257	61.22811	170.1092	410.1192	421.534	425.374	422.7035	418.7957	442.5267	535.8994	564.4675	490.663	428.6207	429.1504	425.7109	419.3196	411.13	204.7209	70.72128	46.37986	33.92197	295.6605
27.76769	32.2678	40.32887	75.76807	167.3398	405.0688	412.7411	415.6065	416.3744	450.6178	542.8356	470.3761	421.8636	419.1915	446.6778	503.5744	433.2043	365.7767	373.1812	150.0234	76.29583	41.05186	36.23032	289.5166
22.9355	25.68516	30.76257	61.22811	170.1092	410.1192	421.534	425.374	422.7035	418.7957	442.5267	535.8994	564.4675	490.663	428.6207	429.1504	425.7109	419.3196	411.13	204.7209	70.72128	46.37986	33.92197	295.6605
0	0	0	0	0	0	0	195.039	332.0601	375.4532	395.8485	406.3762	403.6467	388.3642	404.7936	421.8043	107.5122	0	0	0	0	9.365164	31.07305	151.9281
382.309	368.6565	255.4214	30.64663	0	0	0	0	0	0	0	0	0	0	0	0	0	0	0	0	16.83915	248.0867	357.7556	80.99781
26.16495	27.00023	40.7016	79.49135	204.8452	412.5644	424.1602	428.9391	429.4382	430.5114	418.2033	406.7891	540.1025	456.5166	177.6181	107.4721	74.79234	65.26314	70.51153	75.1879	55.3004	39.70469	26.28447	220.8147
25.27846	18.87029	31.16473	30.79707	84.62332	168.7075	176.0677	203.7813	284.2908	450.8544	508.7714	621.1602	557.9759	581.3619	542.2981	487.5731	443.4622	417.3811	403.9058	152.8709	55.18823	34.80639	20.94497	263.1239
277.7401	363.4497	413.9174	415.2741	417.0749	415.456	494.1911	656.3241	674.6757	558.8821	450.9995	439.4074	496.9875	401.6458	469.2282	432.4077	376.1444	384.5656	439.8956	502.1439	358.202	276.8973	416.796	236.4894
0	0	0	0	1.894184	39.1116	17.52123	0	0	0	0	0	0	0	0	0	0	0	0	0	64.81779	19.65532	0	0
0	0	0	0	0	0	0	0	0	0	0	0	0	0	0	0	0	24.03408	33.6081	80.87939	29.46982	0	0	0
0	0	0	0	0	0	0	0	0	0	0	0	0	90.48146	180.9117	227.3432	144.7779	175.8078	171.2973	13.64886	0	0	0	0
163.0806	108.5612	29.11874	12.62849	9.348202	11.60646	9.619486	7.85284	2.783091	2.27963	2.024761	1.010519	0.25066	1.263553	1.520657	1.515914	7.843961	79.38431	169.4244	215.7891	244.1696	139.3493	204.8629	199.7686
0	0	0	0	0	0	0	0	0	0	0	0	0	0	0	3.797468	41.1778	102.3773	100.7362	55.13215	23.00939	0	0	0
45.1085	67.88866	50.5947	31.0643	17.07776	18.85246	17.06713	23.46065	26.7703	38.08636	53.89699	31.40068	35.94389	86.43445	121.5806	200.9007	147.9617	201.2472	196.6268	158.6315	201.3677	179.3177	136.71	62.10761
0	0	0	0	0	0	0	0	0	0	0	0	0	90.48146	180.9117	227.3432	144.7779	175.8078	171.2973	13.64886	0	0	0	0
110.7822	130.3013	169.687	110.8393	7.850329	0	0	0	0	0	0	0	0	0	0	0	0	0	0	0	70.80267	50.78533	100.5524	63.05883
0	0	0	0	0	0	0	0	0	0	0	0	0	90.48146	180.9117	227.3432	144.7779	175.8078	171.2973	13.64886	0	0	0	0
0	0	0	0	0	0	0	0	0	0	0	0	0	0	0	0	0	72.99541	175.9888	146.2085	200.2025	207.7981	108.6506	3.27826
0	0	0	0	0	0	0	0	0	0	0	0	0	0	69.29131	86.93575	212.7361	205.3918	151.5971	235.1638	140.2338	63.17945	20.74985	0
602.4473	590.5909	556.4907	330.7309	67.44593	52.18671	54.1685	56.01941	111.6004	50.32869	38.40163	81.93873	59.27117	70.2382	60.00256	137.423	134.0037	160.6448	179.2457	181.2237	420.2618	567.7355	581.2249	254.1639
419.1983	392.0359	358.4487	196.103	133.9739	105.719	103.582	109.0439	109.6162	108.1833	108.3366	117.8006	105.3521	99.95219	94.21171	97.88496	85.36529	84.0865	81.00678	93.62737	155.3819	329.2271	401.1053	412.9565
374.896	322.7827	38.25677	0	0	0	0	0	0	0	0	0	0	0	0	0	0	0	0	93.32516	304.9752	383.9643	368.0042	367.0278
452.0758	428.4023	406.2431	263.6261	116.3095	112.7803	101.1698	94.10754	121.4758	128.8376	138.5239	139.3761	152.1818	123.7672	146.9577	113.5624	88.99837	100.5042	90.35336	126.7932	227.2299	388.3693	421.2315	440.8317
368.3538	135.9878	46.2332	105.2441	153.1179	158.1805	171.0548	202.5752	288.8391	338.7586	351.4769	305.9066	234.1166	149.1445	86.68369	74.51259	61.87375	72.23233	79.77383	52.99557	226.6312	380.7169	426.7392	412.9432
542.0163	531.7258	412.5553	395.6346	530.0981	772.6595	929.3351	1108.722	1115.665	1005.508	1260.733	1156.498	1159.836	1272.302	1285.155	995.9832	720.9532	631.9954	307.2223	23.13269	12.8515	2.570302	47.40601	540.3155
0	0	249.1946	562.5909	586.2985	556.8482	743.5245	822.2899	782.0525	683.6579	481.4345	13.46111	0	0	0	0	0	0	0	0	0	0	0	212.6954
0	0	0	0	0	0	0	0	0	0	0	0	0	0	0	0	0	0	0	0	0	0	0	0
417.8681	411.4729	357.0422	132.3746	44.80074	102.2569	157.1236	156.1215	164.953	208.8564	295.3735	333.8465	343.7508	290.4093	264.0011	134.0125	93.97496	74.51791	71.3441	59.60751	76.60977	55.42993	230.9825	379.6781
560.4419	518.7964	520.701	505.1747	454.1795	360.546	108.6382	128.5859	193.1143	272.4911	385.1361	359.2426	365.4749	386.3324	225.7062	134.2383	98.63063	44.63276	310.9377	440.8776	470.2564	518.6896	516.1551	550.6696
0	0	0	0	0	0	0	17.47518	3.808095	0	0	0	0	0	0	0	0	0	0	0	0	0	0	5.186748
704.9081	636.1011	630.8452	625.8457	550.5919	120.3534	17.39837	17.64885	18.61584	42.38933	99.69757	249.2458	251.675	283.9398	357.0534	245.7704	200.8259	234.551	448.7991	717.2653	1148.886	1238.192	727.4422	775.7796
414.0015	410.8695	356.2247	154.4304	87.01875	62.48256	64.71478	63.31526	85.3786	97.61389	123.15	127.3234	128.691	149.5304	155.8502	149.3824	148.2507	132.4202	127.2388	166.0485	234.3055	350.6395	400.4654	422.5383
390.0503	414.6505	417.2615	393.7362	354.2551	219.9712	145.8556	110.8633	100.0957	107.2812	110.6911	120.5216	98.65967	111.8937	101.7093	88.38763	95.22743	91.0278	72.9509	69.19936	76.19267	111.5013	141.2136	324.272
410.7342	352.032	124.0441	44.60299	112.3599	159.1724	158.1434	175.687	215.1103	288.2538	348.2607	343.8761	306.5011	233.6821	136.3858	99.17023	68.59551	63.06966	69.70704	77.45903	44.40657	242.0853	382.5687	433.8701
492.8102	439.1904	86.08028	75.26639	66.60917	60.91655	59.54044	69.5483	85.95985	115.4235	209.194	238.3004	287.3801	284.8843	266.2444	190.6813	169.0601	169.0047	173.5742	157.8854	398.9664	487.8944	506.581	499.693
414.0015	410.8695	356.2247	154.4304	87.01875	62.48256	64.71478	63.31526	85.3786	97.61389	123.15	127.3234	128.691	149.5304	155.8502	149.3824	148.2507	132.4202	127.2388	166.0485	234.3055	350.6395	400.4654	422.5383
464.1078	213.6514	73.4353	40.6029	13.90795	15.01913	11.12145	11.67906	12.7978	6.67658	7.232004	16.13345	125.3014	283.4296	357.4821	532.4258	565.0797	562.5547	573.4609	623.498	583.3729	556.4576	561.4965	572.2403
0	0	0	0	0	0	0	0	0	0	0	0	0	0	0	0	0	0.6516525	225.3734	214.5386	200.8659	155.0399	4.895857	0
492.8102	439.1904	86.08028	75.26639	66.60917	60.91655	59.54044	69.5483	85.95985	115.4235	209.194	238.3004	287.3801	284.8843	266.2444	190.6813	169.0601	169.0047	173.5742	157.8854	398.9664	487.8944	506.581	499.693
452.0758	428.4023	406.2431	263.6261	116.3095	112.7803	101.1698	94.10754	121.4758	128.8376	138.5239	139.3761	152.1818	123.7672	146.9577	113.5624	88.99837	100.5042	90.35336	126.7932	227.2299	388.3693	421.2315	440.8317
0	0	0	0	0	0	0	0	0	0	0	0	0	0	0	0	0	0	0	0	0	0	0	0
120.3086	127.4176	205.2405	221.4862	184.8798	184.6046	181.3912	192.2947	108.2219	215.9286	388.0363	400.3342	291.5957	150.9073	102.301	235.6799	355.2789	346.6865	377.2343	344.1819	176.2436	119.8297	98.3632	92.15543
498.183	491.2094	428.1837	82.98316	73.29942	51.96731	54.89832	54.62638	65.24831	77.33889	125.3745	197.7207	242.1816	283.1495	295.0293	275.0266	214.9199	176.5552	165.1352	170.5788	170.2545	399.6675	492.7065	495.1446
0	0	0	0	0	0	0	0	0	0	0	0	0	0	18.21209	514.1075	711.2516	781.6741	749.4125	748.2754	732.4392	229.6301	34.84052	0
69.2989	108.2654	74.38355	50.41719	2.728055	6.992936	2.715466	3.947807	4.543516	3.316862	6.003198	9.938413	25.11021	192.3291	296.6798	314.6715	312.163	303.7601	291.3702	92.08463	172.1115	18.97802	7.919972	15.67733
147.7784	139.6438	150.3001	133.3698	136.6494	127.3457	144.7221	164.9249	226.5764	355.4541	399.1044	419.6738	414.3344	397.5107	345.6837	166.2205	82.62886	66.33961	72.66723	55.67987	77.84618	97.29589	102.8866	130.6155
0	0	0	0	0	0	0	0	41.484	259.8206	224.8867	24.01705	0	0	0	0	0	0	0	0	0	0	0	0
489.3554	481.3191	494.5753	467.2793	438.8242	313.8287	326.5746	325.2666	327.6973	392.6981	394.3989	341.3727	260.7202	101.0381	35.61799	15.01531	11.9737	5.519707	6.557296	7.523063	7.544252	55.23024	301.2243	424.7476
0	0	20.37504	13.79876	0	0	0	0	17.82207	505.0026	628.8102	0	0	0	0	0	0	0	0	0	0	0	0	0
491.2444	482.0686	344.0702	175.1377	16.49091	23.67873	19.10896	19.72462	23.47079	37.60662	70.60603	176.931	276.5572	338.2328	371.3427	360.6117	292.1525	262.5842	260.9954	322.6299	431.5284	472.7503	496.2967	487.0952
0	0	0	0	0	0	0	0	0	0	0	0	0	0	0	0	0	0	0	0	0	0	0	0
316.7614	244.807	109.9688	61.44667	46.86066	28.05656	24.28587	27.34984	35.84809	230.4027	370.6464	486.1461	481.3015	489.7845	488.9655	472.665	445.0759	338.514	242.9221	240.6704	265.153	311.217	373.9495	383.1374
0	0	0	0	0	0	0	0	0	0	0	0	0	0	0	0	0	0	0	0	0	0	0	0
0	0	0	0	0	0	0	0	0	0	0	0	0	0	0	0	0	0	0	19.68834	14.17995	0	0	3.120288
0	147.3233	845.4451	1361.551	1453.501	1268.236	1234.685	1510.923	1941.85	2034.887	2063.271	2100.388	707.4108	32.6043	87.26807	228.6039	11.10406	0	0	0	0	0	0	688.6666
13.03768	0	0	0	0	0	0	0	0	0	0	0	0	0	0	74.23451	565.493	733.611	729.2443	565.493	65.50105	0	8.988396	102.6183
0	0	0	0	0	0	0	0	0	0	0	0	0	0	0	0	0	0	0	0	0	0	0	1.842437
360.8307	350.6733	236.5455	17.59028	0	0	0	0	0	0	0	0	0	0	0	0	0	0	0	0	0	0	16.88187	28.53589
0	0	0	0	0	0	0	0	0	0	0	0	0	0	0	0	0	0	0	0	6.550103	0	0	15.28357
0	0	0	0	0	0	0	0	0	0	0	0	0	0	0	0	0	0	0	0	0	0	0	0
13.03768	0	0	0	0	0	0	0	0	0	0	0	0	0	0	74.23451	565.493	733.611	729.2443	565.493	65.50105	0	8.988396	102.6183
0	0	0	0	0	0	0	0	0	0	0	0	0	0	0	0	0	0	0	0	0	0	0	0
0	0	0	0	0	0	0	0	0	0	0	0	0	0	0	0	159.3857	761.9945	716.1442	499.9924	89.51807	0	0	80.78461
0	0	0	0	0	0	0	0	0	0	0	0	0	0	0	0	0	0	0	0	0	0	0	0
41.36948	202.741	430.5661	436.1562	451.0703	455.6116	478.7151	458.3527	79.90576	0	0	0	0	0	0	0	0	0	0	0	138.1854	0	0	0
0	0	0	0	143.9004	870.6451	1479.333	1506.779	1362.948	1285.234	1465.291	1319.663	862.8537	184.4702	0	0	0	0	0	0	0	0	0	0
150.6983	267.1157	306.3797	308.9454	292.2033	148.881	0	0	0	0	0	0	0	0	0	0	0	0	0	0	38.38998	0	0	0
0	0	1.1513	280.3702	303.0514	285.8206	170.5726	6.382374	0	0	0	0	0	0	0	0	0	0	0	0	0	40.49791	0	0
150.6983	267.1157	306.3797	308.9454	292.2033	148.881	0	0	0	0	0	0	0	0	0	0	0	0	0	0	38.38998	0	0	0
477.7897	452.166	442.378	425.5683	593.7546	446.288	9.148903	0	0	0	0	0	0	0	0	0	0	0	0	0	0	139.0518	70.57499	461.3713
368.2734	387.438	407.4629	132.3115	1.745205	0	0	0	0	0	0	0	0	0	0	67.4371	202.5197	247.6869	271.1117	24.38238	0	0	40.62979	290.2948
0	0	0	0	0	0	0	0	0	0	0	197.5007	809.7975	1147.331	1226.125	1169.295	980.9104	570.7271	47.90338	0	249.022	0	0	0
5.249556	176.4417	71.20934	9.172667	0	0	0	0	0	0	0	0	0	0	0	0	0	0	0	0	0	19.09645	0	0
0	0	0	0	0	0	0	0	0	0	266.0635	1580.506	2033.521	1533.882	1201.533	1035.382	1021.384	1156.023	1565.79	2046.64	1820.448	625.1582	0	0
0	0	0	0	0	0	0	0	0	0	0	0	0	0	0	0	0	0.9470919	0	0	0	0	0	0
0	0	0	0	0	81.09197	173.674	147.0603	192.8663	201.8979	98.73421	3.537651	0	0	0	0	0	39.1873	0	0	0	0	0	0
0	0	0	0	0	0	0	53.27328	178.821	200.5683	139.1102	154.5641	80.10836	0	0	0	0	33.0512	0	0	0	0	0	0
209.9774	144.7997	80.78958	76.18928	36.91284	0	0	26.20171	157.8958	225.6457	261.5693	230.2371	0	0	0	0	0	90.06168	0	1.771436	85.36948	124.2862	218.6623	143.6519
0	0	0	0	0	0	0	5.313876	16.41968	0	0	0	0	0	0	0	0	5.085124	0	0	0	0	0	0
311.7571	464.1145	489.0973	490.0562	491.0344	478.7057	444.0531	344.994	249.9703	261.4585	261.2558	322.703	342.223	317.7763	253.4747	202.1501	80.79177	37.72343	25.92436	19.19526	19.86672	20.75721	22.10966	99.03622
0	0	0	0	0	0	0	5.314305	114.5794	59.66745	112.6758	0.5039929	0	0	0	0	0	15.00179	0	0	0	0	0	0
544.9953	515.2756	518.2172	221.2434	348.1516	341.5819	319.3275	211.6783	0.9332762	0.4666381	0.9332761	1.866552	3.733105	2.33319	2.33319	1.866552	139.886	313.4851	345.8874	353.7961	301.0005	515.7343	518.0226	531.7081
218.7701	206.979	171.4437	75.32424	0	0	0	50.69595	177.4318	197.5449	144.6514	154.1613	116.7116	113.2252	104.4917	128.1016	60.61077	98.7304	0	0	0	54.11242	204.7344	208.8655
0	0	0	0	0	0	0	0	0	0	0	0	0	0	0	0	0	11.12687	0	1.111363	20.0254	10.0063	0	0
0	0	0	26.4333	95.80104	45.20026	47.01124	0	0	0	0	0	0	0	0	0	0	9.373528	0	0	0	0	0	0
201.4004	75.68235	3.732853	6.383659	0	0	0	0	0	0	0	1.966127	0	0	0	0	0	0	0	0	0	0	0	0.6255149
0	0	0	0	0	0	0	0	0	0	0	0	0	0	0	0	0	0	0	0	0.6517411	0	0	0
103.0738	97.47845	123.3729	113.3037	122.1206	109.4836	119.6485	144.109	204.9098	358.8336	410.4354	424.3172	425.0518	406.7336	342.5712	154.3761	81.80898	71.62467	61.791	69.24116	205.9448	84.34391	76.82949	86.27487
0	0	0	0	0	0	0	0	0	0	0	0	0	0	0	0	0	0	0	0	0	0	0	14.94264
9.138796	0	0	6.959455	131.4022	828.8312	1372.027	1426.164	1231.846	1281.426	1390.388	1351.088	749.6187	5.003116	0	0	0	0	0	0	0	0	43.07645	92.64285
446.5518	247.3591	255.3333	297.7942	385.4021	258.3603	223.1429	213.1293	113.2876	86.94827	431.5942	1094.973	359.5328	448.1772	802.7921	822.5922	813.7023	809.5262	811.9874	850.1228	854.124	792.1216	588.2148	502.8312
0	47.81147	164.6019	121.8593	0	0	0	0	0	0	0	76.87876	604.2808	572.8037	469.8216	601.9952	683.2803	743.8226	675.5457	434.85	524.9363	321.3315	161.0716	4.410205
111.2968	181.701	133.0887	123.6163	42.54532	0	0	1.765044	47.3219	79.687	169.1773	16.54974	0	0	0	0	0	0	0	0	0	0	0	8.349723
0	7.162254	28.7043	0	0	0	0	0	0	41.84615	32.40774	0	0	508.4164	667.097	546.5163	569.9055	553.0023	314.9422	318.3155	410.4885	388.2483	258.9646	0
0	0	0	0	0	0	0	0	0	0	0	0	0	0	0	0	0	0	0	0	0	0	0	0
323.8682	346.7479	364.0291	238.1478	152.1462	144.0093	102.0151	64.82102	44.39764	30.14732	20.54539	17.19103	13.70636	11.67724	21.48308	25.03237	169.3296	53.97357	53.84993	75.36813	92.28286	170.1833	350.2133	317.4965
0	0	0	0	0	0	0	0	0	0	0	0	0	0	0	0	0	0	0	0	0	0	0	0
0	0	0	0	0	0	0	0	0	0	0	0	0	0	0	0	0	0	0	0	0	0	0	0
0	0	0	0	2.96685	13.01531	0	39.80819	2.372294	56.65857	101.8164	79.35072	0	0	0	0	0	0	0	0	0	0	0	0
0	0	0	0	0	0	252.2914	556.6711	589.2578	561.145	750.6508	808.8143	794.6456	693.6589	513.1081	22.96307	0	0	0	0	0	0	0	0
0	0	0	0	0	0	0	0	0	0	0	0	0	0	0	0	0	0	0	0	0	0	0	0
0	0	0	0	0	0	0	42.81022	171.1859	127.7316	11.67097	0	0	0	0	0	0	0	0	0	0	0	0	0
0	0	0	0	0	0	0	0	0	0	0	0	0	0	0	0	0	0	0	0	0	0	0	0
0	0	0	0	0	0	0	0	0	0	0	0	0	0	0	0	0	0	0	0	0	0	0	0
0	0	0	0	0	0	0	0	0	0	0	0	0	0	0	0	0	0	0	0	0	0	0	0
0	0	0.7551352	140.7379	86.13091	154.4797	58.2649	0	0	0	0	0	0	0	0	0	0	0	0	19.05996	0	0	0	0
0	0	0	0	0	0	0	0	0	0	0	0	0	0	0	0	0	0	0	0	0	0	0	0
0	0	0	0	0	0	0	0	0	4.134996	327.1505	563.2176	554.9218	304.3191	8.257904	0	0	53.80288	0	0	0	0	0	0
0	0	0	0	0	0	0	0	86.90501	666.1711	1092.537	1271.97	1278.59	1141.963	787.9254	167.9073	0	267.3087	0	0	0	0	0	0
0	0	0	0	0	0	0	0	0	0	0	0	580.7765	1945.37	1630.968	947.5792	1906.07	2157.155	305.343	45.03687	0	0	0	0
0	0	0	0	0	0	742.209	1816.967	2031.772	1529.653	1069.048	1001.53	957.1494	1137.362	1593.322	2048.781	1741.767	625.3334	0	0	0	0	0	0
0	0	0	0	0	0	0	0	161.8746	823.5645	1152.306	1182.479	1200.133	1001.728	543.8501	40.53363	0	275.4536	0	0	0	0	0	0
13.57816	14.35054	25.8485	63.61914	261.0121	626.2455	1696.706	1990.866	1536.602	1109.507	1021.557	1001.699	1176.793	1534.124	2000.082	1660.43	591.6255	308.5493	116.6281	42.2763	25.21707	15.85189	25.08514	16.11053
0	0	0	0	0	0	0	0	207.8706	753.7247	1088.371	1303.918	1282.182	1103.093	723.6086	163.6845	0	288.9184	0	0	0	0	0	0
0	0	0	0	0	0	0	0	0	0	0	0	0	0	0	0	0	20.84389	0	0	8.735558	175.277	62.44434	4.594066
0	0	0	0	0	0	784.764	1805.109	1993.988	1510.622	1158.83	944.9297	955.6418	1148.596	1528.843	1978.771	1645.859	650.9153	0	0	0	0	0	0
0	0	0	0	0	0	0	0	38.69119	594.4763	1019.472	1217.537	1213.912	1024.441	795.9551	241.2324	65.96796	254.287	0	1.263486	95.25302	40.41439	89.97718	0
0	0	0	0	0	0	318.7417	1614.126	1961.022	1526.863	1163.737	929.6425	1017.118	1065.009	1496.363	1977.399	1641.475	622.2462	84.5301	0	0	0	0	0
