0	0	0	0	0	0	0	0	0	0	0	0	0	0	0	0	0	6.162943	170.2876
0	0	0	0	0	0	0	0	0	0	0	0	0	0	0	0	0	3.985571	107.3607
44.95121	0	0	0	0	0	0	0	0	0	0	0	0	0	164.1785	730.2042	50.31333	8.854982	73.08122
0	0	0	0	0	0	0	0	0	0	0	0	0	0	2.334297	99.64881	0	8.782504	105.1247
0	0	0	0	0	0	0	0	0	0	0	243.8079	534.3008	92.65295	471.588	89.2196	0	3.169029	158.6457
0	0	0	0	0	0	462.6921	1182.221	1189.929	838.4626	0	0	0	0	0	0	0	4.199044	145.7021
245.3733	0	0	0	299.7374	734.6592	734.6592	680.2929	622.9879	734.6592	734.6592	553.1932	0	0	0	0	0	6.307285	174.3357
45.80904	0	68.2429	123.1571	0	0	0	0	0	0	0	0	0	82.87054	78.61559	0	0	1.097978	20.87729
0	0	0	0	0	0	0	0	0	0	0	0	0	0	0	41.06291	0	5.567672	45.53867
0	0	0	0	0	0	0	0	0	0	0	0	0	0	0	0	0	5.851875	24.48694
566.767	734.6592	727.3124	321.0422	523.806	734.6592	734.6592	761.9799	499.4681	16.40008	0	0	0	0	0	464.2989	730.2512	5.835938	156.1355
0	107.3777	0	0	0	0	0	0	0	0	0	0	0	174.2937	683.6553	687.2031	622.5763	8.411558	141.822
77.47158	0	541.7454	856.4286	851.3323	851.3323	851.3323	811.3204	117.4843	0	44.21943	115.4221	74.32384	21.52221	81.3623	53.80913	0	0.6361037	91.54279
0	0	0	0	0	0	0	0	0	0	0	0	0	0	0	0	0	1.810988	151.5055
0	0	0	0	0	0	0	0	0	0	0	0	0	0	0	0	0	6.869134	168.4336
0	0	0	0	0	0	0	0	0	0	0	0	0	0	0	0	0	1.927075	157.3594
68.45458	842.8192	808.7664	329.4677	0	0	272.3032	5.219705	0	0	0	39.83355	138.9719	0	0	0.8513356	706.483	1.223025	84.40213
48.16799	0	0	0	0	0	0	314.3164	632.8929	669.0049	669.0049	502.5836	0.6690001	0	0	0	0	6.849422	134.8849
0	0	0	0	0	0	0	0	0	0	0	0	0	0	0	0	0	6.786065	35.24024
0	0	0	0	96.24996	124.2941	0	0	0	0	0	0	0	0	0	0	0	4.885193	57.82477
0	0	0	0	0	0	0	0	0	0	0	0	0	0	0	0	0	6.105026	65.0968
38.92221	16.19394	257.6819	141.4836	254.2726	284.1049	284.1049	283.2526	78.69669	0	0	0	166.0125	142.083	283.661	59.33878	0	1.718609	13.7952
470.8912	885.6138	624.2458	594.1925	230.6618	50.37099	405.8067	434.6973	418.5723	50.89973	0	0	0	0	249.7298	637.8575	819.7494	5.77605	161.4442
489.2506	720.9834	722.6023	688.4629	573.993	649.2329	721.4198	728.2661	728.2661	728.2661	560.0354	189.8173	0	0	0	0	243.2376	3.491436	129.4537
372.1721	892.4843	823.0019	1.747362	0	0	0	0	0	0	0	398.981	555.1038	143.113	1555.3	926.7465	926.559	5.347133	84.35138
0	0	0	0	0	0	0	0	0	0	0	0	0	0	0	0	0	7.500789	66.56366
395.9475	0	0	0	0	0	0	113.4238	425.1436	636.2032	526.373	177.371	214.3233	1.343721	196.0084	0	0	5.48965	7.268158
36.08118	284.1049	280.9796	123.8691	226.1464	3.693353	0	82.31989	303.5543	348.2155	345.1558	107.0161	0	0	12.21648	265.069	284.1049	1.307626	78.02174
437.6859	429.0279	109.2385	0	0	0	0	0	0	0	26.94555	69.91267	431.8597	728.2662	728.2662	728.2662	707.0908	2.627163	99.68986
346.1351	343.1264	340.8903	362.5985	289.8079	131.3692	115.2481	216.4338	84.0349	14.06297	14.40597	49.39183	256.565	166.3555	221.139	279.5944	364.4135	1.390283	50.38324
0	0	0	0	0	0	0	466.0426	556.9786	252.6193	0	0	0	0	0	45.01462	0	5.052763	27.50681
182.3944	85.23107	0	0	0	0	0	0	5.113874	12.78469	43.46787	208.2478	284.1049	91.76545	284.1049	193.4745	155.4046	2.195041	64.74127
100.4231	491.6332	369.4866	48.91588	0	0	0	68.99789	221.1988	0	0	216.5145	617.7695	633.8728	220.2586	507.9911	483.7275	7.051058	6.632144
0	0	0	0	0	0	0	0	0	0	0	0	0	0	0	0	0	6.938157	153.9053
0	0	0	0	0	0	0	0	0	0	0	0	0	0	0	0	0	4.931619	56.72041
12.77003	48.52617	701.5003	848.7784	851.3323	851.3323	785.7808	177.0776	0	0	119.0211	339.2746	352.3383	337.1357	256.3566	8.917983	376.3034	0.6293042	97.12878
0	0	0	0	0	0	0	0	0	0	0	1.080998	130.488	21.90815	0	0	10.2798	1.467095	51.35886
0	0	0	0	0	0	0	0	0	0	0	0	0	0	0	0	0	4.836318	29.25877
2.334297	0	0	0	0	0	0	0	0	0	100.3748	716.2639	355.1143	0	0	0	0	8.651057	164.5695
0	0	0	0	0	77.55862	3.572021	203.8373	0	0	0	0	0	293.7214	21.50839	0	0	3.566353	34.33072
12.21648	0	0	0	0	0	0	0	156.541	283.2526	284.1049	252.2839	160.8026	251.9998	15.05753	0	0	1.855198	21.76041
0	0	0	0	0	142.01	557.8506	640.8736	581.1553	11.65213	0	0	0	0	773.3943	154.9932	673.3093	1.788214	17.09953
4.420105	0	0	0	0	0	0	0	0	0	0	0	0	175.8859	100.9795	1355.601	1097.279	3.847706	15.48273
0	0	0	0	52.60324	235.0703	0	0	0	0	0	0	0	0	0	0	9.863106	4.256869	81.72678
65.68885	16.99609	0	0	0	0	0	0	0	0	0	32.86965	785.8448	761.9968	714.3789	156.4807	216.7	4.991413	57.70847
0	261.6596	211.0889	3.409249	0	0	0	0	0	0	0	0	0	34.37656	0	84.66286	249.1587	2.85636	61.42444
0	0	0	0	0	0	0	0	0	0	0	0	0	0	0	0	0	2.533129	74.96277
0	0	0	0	0	0	0	0	0	0	0	0	3.6906	0	0	0	0	6.484336	30.75078
0	0	0	0	0	0	0	0	0	0	0	0	0	0	0	0	0	2.03393	48.52011
0	0	0	0	0	0	296.507	759.8527	664.6672	751.4548	604.2363	32.68016	0	0	0	0	178.6472	8.046941	49.68558
0	0	0	0	0	0	0	0	0	0	0	0	0	0	0	0	0	5.003773	154.995
0	0	0	0	0	0	0	0	0	0	0	0	0	0	0	0	0	2.4081	26.10019
0	0	0	0	0	0	0	0	0	0	0	0	0	0	0	0	0	2.071385	34.67599
0	161.0299	0	0	0	0	0	0	0	0	0	0	0	0	90.17674	558.928	607.6242	3.106737	143.8204
660.4565	0	0	70.5267	700.864	734.6592	689.8438	61.71089	0	0	0	0	126.3601	730.2512	734.6592	365.8559	20.5703	6.073851	42.03171
600.8187	0	0	139.8253	711.5159	722.1688	728.2662	728.2662	700.6719	615.3841	70.64093	0	0	311.3088	0	0	0	2.29418	73.26271
148.9661	0	0	0	0	335.1598	733.4083	544.5063	0	389.6353	0	0	0	0	0	4.058699	142.8523	4.91486	44.00903
0	0	0	0	0	0	0	0	0	0	0	0	0	0	0	0	0	5.402693	12.00479
0	0	0	0	0	0	0	0	0	0	0	0	0	0	0	0	0	6.938349	60.70837
0	534.5459	623.395	469.0015	36.41283	0	0	0	0	0	0	0	0	0	112.8798	0	0	3.469346	18.71171
104.2813	0	0	0	0	0	0	0	0	4.931553	0	16.94555	24.44234	57.1373	14.39184	0	0	3.904358	72.21118
621.163	0	0	0	0	0	0	478.927	1359.785	449.1132	50.45605	3.2206	0	17.90914	925.3291	651.4224	0	3.322208	89.48647
0	0	0	0	0	143.4191	160.7877	250.8376	124.0882	0	0	0	0	0	0	0	0	1.63125	160.3386
217.4324	0	0	0	0	0	0	0	349.474	878.3187	915.249	908.6862	796.7922	699.2426	728.7936	7.684248	0	4.657752	109.1813
1072.686	594.1474	494.1042	601.592	274.1613	873.674	967.7076	874.5931	873.674	977.5964	1367.219	0	0	0	0	7.304501	957.9827	5.515878	140.0965
0	0	0	0	0	0	0	0	0	0	0	0	0	0	0	0	0	4.413681	140.3858
0	0	0	0	0	0	0	0	0	0	0	0	0	0	0	0.3337249	0	1.769034	136.3563
20.38698	0	0	0	0	0	63.12786	770.6553	256.7714	0	0	0	68.22385	0	0	0	0	7.88349	34.94696
0	0	0	0	0	0	0	0	0	0	0	0	0	0	0	0	0	3.900377	170.4868
0	0	0	0	0	0	0	0	0	0	0	0	0	0	0	0	0	4.050094	35.57535
22.38795	0	0	918.8358	1044.1	474.4577	495.1733	1189.852	1035.23	137.4122	0	0	0	0	0	0	0	2.883721	40.70567
797.746	31.36165	374.4736	375.5762	128.7852	433.3322	851.3323	851.3323	851.3323	851.3323	851.3323	851.3323	296.265	5.108014	0	0	0.8513356	0.812063	121.9671
0	0	0	118.7553	258.8184	271.0355	248.8746	34.66066	0	0	0	0	0	0	0	0	0	1.38203	104.061
0	0	0	0	0	0	0	0	0	0	0	0	0	0	0	0	0	6.171766	22.48932
119.7317	0	0	0	29.13025	664.9065	725.353	725.353	632.8625	45.14092	1289.678	1066.5	1206.722	249.2757	0	0	0	3.922711	154.6757
4.651535	603.8223	132.696	365.283	133.9371	75.08595	150.1718	411.9582	0	0	0	0	0	0	238.5157	585.3178	744.6765	4.695118	123.5547
0	0	0	0	0	0	0	0	912.194	401.1493	0	0	0	0	0	0	0	6.256571	157.3439
0	0	0	0	0	0	0	0	0	0	0	0	0	0	0	0	0	2.7421	150.6733
0	0	0	0	0	0	0	0	0	0	0	0	0	0	18.73337	0	0	6.746304	23.60129
0	0	0	0	0	0	0	0	0	0	0	0	0	0	131.1297	165.7242	4.097631	2.656866	149.2377
15.25703	0	0	0	0	0	0	0	241.0036	787.2048	689.7176	186.6013	131.7198	1.416341	0	166.9016	0	4.963809	25.25151
0	0	0	0	0	0	0	0	0	0	0	0	0	0	0	0	0	5.177697	75.14047
0	520.7087	390.3482	23.30422	0	0	0	0	0	0	0	0	0	65.54311	0	10.19561	29.85853	3.441642	30.88725
0	0	0	0	0	0	0	0	0	0	0	0	0	0	0	0	0	7.308475	174.4235
0	0	0	0	0	0	0	0	0	0	0	0	0	0	0	0	0	7.337244	148.1306
0	0	0	0	0	0	0	0	0	0	0	0	0	0	0	0	0	1.88944	21.8779
0	0	0	0	0	0	0	0	0	0	0	0	0	0	0	0	0	7.527367	44.93839
0	0	0	0	0	0	0	0	0	0	0	0	0	0	0	0	0	5.927094	130.3336
33.91195	0	0	0	0	24.99195	0	0	0	0	0	0	0	0	12.48967	16.07106	0	5.069921	98.00516
355.3075	322.6569	851.3323	851.3323	851.3323	854.7644	1131.047	1090.709	288.8861	0	0	28.69449	252.568	275.8655	269.6149	95.7429	0	1.165623	60.65552
0	208.3078	19.8948	0	0	0	0	0	0	0	0	0	0	0	0	0	0	5.977542	97.89096
346.6519	0	21.84774	119.4341	459.534	728.2662	728.2662	728.2662	696.2639	292.0999	39.32591	0	0	0	0	0	0	2.672407	84.09866
628.0632	585.3656	620.6518	728.2661	727.6293	674.6696	95.48676	497.045	728.2661	728.2661	728.2661	704.2569	548.5426	611.7242	689.4447	648.0197	623.387	3.13991	10.88387
42.83448	0	0	0	1.78605	0	0	0	0	0	0	0	0	0	85.69442	0	0	5.00474	95.65143
236.3741	2.556937	0	0	5.966187	150.5614	284.1049	284.1049	284.1049	200.293	80.96952	81.82183	8.523127	0	6.298914	164.1916	19.7366	1.706127	41.07761
106.5388	0	0	0	0	0	0	74.43083	0	0	68.18487	274.729	284.1049	284.1049	284.1049	166.4846	5.113874	2.023547	147.5749
0	0	0	0	0	0	0	0	0	0	0	0	0	0	0	0	0	2.40534	146.6865
0	0	0	0	0	0	0	0	0	0	0	0	0	0	0	0	0	6.902176	24.45776
54.9052	20.45377	0	0	0	0	0	0	0	0	0	149.0923	19.62422	0	0	27.76184	171.7395	1.070761	43.3596
0	0	0	0	0	0	0	0	0	0	0	0	0	0	0	0	0	2.744655	132.9469
