0	0	0	0	0	0	115.589	827.7543	921.6745	876.1942	394.7523	0	211.6917	0	0	0	0	3.130945	23.36972
306.1158	513.8607	513.8607	513.8607	396.988	483.2308	104.9821	0	0	0	0	0	0	2.198169	234.6286	513.8607	513.8607	7.053249	114.7679
569.8967	896.0606	144.2668	0	0	0	0	0	0	472.2256	896.0606	1031.702	348.5697	149.6432	195.1415	562.8985	1007.699	1.102185	77.07547
487.0303	153.2366	449.6497	513.8607	513.8607	513.8607	513.8607	513.8607	393.078	667.0586	764.0992	764.0992	764.0992	651.7766	147.3048	52.01759	58.95211	6.68106	110.4807
21.13673	0	0	0	0	0	0	0	0	0	0	389.8536	0	0	718.6451	1173.09	750.35	1.163991	141.8112
434.409	483.2137	491.3108	506.6233	483.2137	296.6926	3.382471	0	0	0	1.449631	86.49458	259.3911	80.21288	327.6184	483.2137	483.2137	6.13871	88.49536
2.688201	0	0	0	328.8564	865.5947	443.2443	373.9036	254.7902	0	0	0	0	0	0	0	0	0.4838305	20.8483
273.5895	768.5089	169.8405	0	0	0	0	0	0	0	353.2907	766.8674	768.5089	768.5089	768.5089	768.5089	768.5089	5.535343	57.76807
0	0	0	8.076837	0	0	0	0	0	0	0	0	0	0	0	0	0	1.830444	107.1541
0	0	0	0	0	0	0	0	2.724125	22.61399	32.0114	0	0	0	0	0	0	4.350331	31.77353
1.174263	0	0	0	0	332.3151	1114.374	379.2853	0	0	0	0	0	0	0	0	171.4421	3.203186	149.2325
0	0	0	0	0	0	0	0	0	0	0	0	0	0	0	0	0	1.62585	38.20285
737.3557	150.8772	709.084	764.0992	764.0992	764.0992	764.0992	764.0992	764.0992	764.0992	764.0992	764.0992	591.1992	100.3846	16.40866	14.47142	26.07394	5.953639	133.8304
0	0	0	0	2.997656	0	0	0	0	0	0	0	0	0	0	0	0	1.906315	54.75702
0	0	0	0	0	0	0	0	0	0	0	0	0	0	0	0	0	2.452877	129.5499
0	0	0	0	0	0	0	0	0	0	14.66148	13.14109	0	0	12.70039	2.38344	0	2.557186	136.8297
0	0	0	0	0	0	0	0	0	0	0	0	0	0	0	0	0	7.210038	39.96399
0	0	1.828495	127.6252	494.1161	557.9939	392.4835	44.33787	0	0	0	0	0	0	0	0	0	6.128972	174.5661
0	0	0	0	0	0	0	0	0	0	0	0	0	0	0	0	0	3.420838	140.1613
764.0992	764.0992	764.0992	764.0992	764.0992	764.0992	764.0992	563.9052	121.4918	37.44092	64.94849	294.1782	761.0428	764.0992	764.0992	764.0992	764.0992	5.617951	78.98394
0	0	0	21.79498	7.474147	0	0	0	0	0	0	18.11037	0	0	0	0	0	1.914078	161.0883
0	0	0	0	0	158.021	541.738	640.0468	574.086	212.7364	5.777219	0	0	0	0	0	0	6.018709	135.3366
0	0	0	0	0	0	0	0	0	0	0	0	0	0	0	0	0	3.921546	16.70276
0	36.40215	250.1172	0	0	0	0	0	0	0	0	0	0	0	0	0	0	0.171933	131.0412
0	0	0	0	0	0	0	0	0	0	0	0	0	0	0	0	0	1.704277	160.3569
0	0	4.532176	32.99611	72.11636	0	0	0	6.475276	19.67722	0	0	0	0	0	0	0	4.350668	14.56878
0	0	0	0	0	0	0	0	0	0	0	0	0	0	0	0	0	4.314327	35.7061
330.0345	0	89.87704	136.7483	350.3295	483.2137	483.2137	483.2137	483.2137	483.2137	483.2137	118.8695	0	0	244.0221	0	0	6.299226	142.5966
0	0	0	0	0	0	0	0	0	102.1516	22.11874	518.8285	113.7663	0	0	0	0	0.7340619	157.8454
170.1278	0	0	0	0	0	0	0	0	0	218.0253	958.4169	203.2662	40.94195	28.14316	167.1754	193.4611	3.513211	155.8268
0	0	0	0	0	0	0	0	0	0	0	0	0	0	0	0	0	2.176437	177.0283
113.0867	763.3351	223.8811	0	0	0	0	0	0	0	0	0	0	0	346.137	764.0992	764.0992	4.713997	142.7553
0	0	0	0	0	0	0	0	0	0	0	0	19.96247	0	4.69705	0	0	2.564846	9.688568
24.71601	0	0	0	0	0	0	36.33841	65.15026	27.83326	55.85406	476.252	91.59899	0	0	0	0	1.691009	152.8506
897.8042	0	0	0	0	0	0	36.92954	848.4338	1076.859	1096.441	1167.988	1174.264	1045.089	947.6249	185.5332	0	2.723644	94.2511
261.4179	0	327.6184	483.2137	483.2137	492.1832	560.3561	508.6373	483.2137	483.2137	301.5247	0	0	0	0	0	0	5.742514	140.4346
0	0	0	0	0	0	288.8676	913.5715	0	0	0	0	125.6461	0	0	0	0	1.943457	104.2406
0	0	0	0	0	0	0	0	0	0	0	0	0	0	58.79245	244.5983	185.8063	7.540031	88.867
556.8109	815.6181	785.1856	813.9419	906.1555	957.8708	768.5089	172.9145	0	0	0	0	0	0.7685096	624.8006	837.7887	1021.952	5.602477	19.91415
0	444.0753	401.8235	182.2437	0	0	0	0	0	0	98.52863	76.84929	0	0	0	1.09153	443.1088	1.135268	165.3434
923.2313	1077.864	1121.545	1067.571	889.0723	365.6029	209.5748	258.5061	733.9717	957.1191	1151.419	1143.887	1032.678	923.2313	822.8618	923.2313	935.0293	1.409448	75.9386
16.1292	0	0	0	0	0	0	0	0	0	0	22.40167	804.6628	751.7954	16.1292	0	0	2.058254	8.387873
495.8689	513.8607	513.8607	513.8607	143.7704	503.5414	764.0992	764.0992	764.0992	764.0992	749.5813	366.6486	513.8607	513.8607	513.8607	550.8983	513.8607	6.558396	152.255
0	0	0	0	0	0	0	0	0	0	0	0	0	0	0	0	0	3.78305	125.8076
0	0	82.14949	62.55997	0	0	0	0	0	0	0	0	0	0	0	0	0	2.856724	93.30764
15.46273	0	0	0	0	0	0	286.0619	483.2137	403.9664	0	0	27.23472	267.7242	331.4422	199.3798	0.5138628	6.674094	141.5291
237.4583	0	0	0	0	0	0	0	0	0	130.4275	729.3663	979.9963	1009.091	896.0606	240.1465	0	1.878563	7.016602
0	0	0	0	0	0	0	0	0	0	0	0	0	0	0	0	0	1.54451	81.65997
0	0	0	0	0	135.2307	560.9897	599.0583	331.7572	0	0	0	0	0	0	0	0	3.017665	12.61478
0	0	0	0	0	0	0	0	270.5084	51.70133	0	0	0	0	60.01046	0	0	2.371943	139.1405
0	0	0	0	0	0	0	0	0	0	0	0	117.4263	0	157.351	853.6845	678.7205	2.91638	38.5188
833.5344	8.064603	820.8314	897.3381	800.1825	124.5532	0.896067	0	3.584268	172.045	869.2417	944.3103	495.5231	2.688201	0	0	0	0.9193351	142.2356
928.3767	1174.264	1174.264	1174.264	840.7677	241.8974	130.3432	37.57641	0	0	0	3.692954	260.3526	919.1088	928.2517	933.0209	1036.192	0.7748668	165.2203
735.8275	764.0992	640.3151	55.0152	0	0	0	30.56402	576.1308	552.4437	696.0944	764.0992	764.0992	764.0992	764.0992	764.0992	764.0992	5.210761	173.9343
380.9303	129.9296	1089.729	896.0606	732.0822	444.4478	218.6408	0	0	0	0	0	0	0	0	0	0	2.048922	69.04199
485.7932	549.7704	225.5941	120.6966	191.9907	742.3801	768.5089	768.5089	768.5089	685.5116	102.9833	487.2114	617.3834	677.7772	896.331	885.7555	847.6524	3.879196	6.866185
107.1333	245.5568	14.46664	66.98003	1.082601	5.28153	25.10435	255.8964	54.33652	42.03621	110.0304	0	51.05678	0	0	0	0	3.365133	4.247546
26.882	0	0	0	0	0	0	0	483.8743	885.8788	936.4209	896.5944	891.5803	534.9496	0	0	0	0.7855414	7.430939
0	144.0252	0	0	0	0	0	0	0	0	0	0	0	0	0	0	0.9232386	0.7431834	115.7003
252.3894	0	0	0	0	20.90872	7.325411	0	0	2.055451	454.2535	513.8607	513.8607	513.8607	486.9137	37.69052	0	7.697462	58.56858
0	0	0	0	0	0	0	0	0	0	0	0	0	0	0	0	0	3.874723	26.53976
601.2578	148.3151	173.7666	559.282	1047.501	896.0606	271.5088	0	0	0	0	0	0	337.4244	923.7369	895.9193	418.9258	0.7602592	165.9942
9.3941	0	0	0	0	0	0	213.7153	1139.035	699.8571	0	0	0	0	0	0	0	0.1912907	16.78069
341.6071	71.05848	862.5883	260.9762	0	0	0	0	0	0	0	0	527.0839	125.091	1.844062	0	1.88881	3.389603	176.6192
0	0	0	0	0	0	0	0	0	0	0	0	0	0	0	0	0	4.027057	143.617
0	0	0	0	0	0	0	0	0	0	0	0	0	0	0	0	0	2.612091	99.74394
17.5743	26.74352	0	0	0	0	0.4832102	0	0	0	0	141.3584	703.7354	763.3351	764.0992	759.5146	618.9203	5.033458	150.9781
17.54153	0	0	0	0	0	0	0	0	0	98.78655	831.8328	923.2313	1041.464	848.4452	19.96247	0	2.840141	92.62038
0	0	96.94007	744.6976	431.8843	644.6671	211.3668	0	0	0	0	0	0	0	0	0	0	0.6689244	168.6406
0	0	0	0	0	0	51.34246	0	0	0	0	0	0	0	0	0	0	4.27134	21.54077
262.9017	0	0	0	0	0	0	17.74868	502.6782	559.6472	553.5397	287.8613	132.1996	22.74049	0	0	0	7.325703	109.2031
1002.483	0	0	106.8579	890.0864	769.1381	1061.044	1168.992	1058.032	1008.83	1001.299	768.3818	66.47313	610.5541	0	2.348525	0	0.8762985	79.14337
739.369	0	0	0	22.15773	688.734	961.3866	999.7936	1126.817	1174.264	1174.264	1173.09	341.7091	14.09115	0	0	0	0.6767346	10.80414
1.982912	0	0	0	165.2294	664.7623	753.8177	756.1345	688.7101	98.23378	0	0	0	10.14741	283.6458	259.9682	73.44798	4.831048	117.1144
0	0	0	0	0	0	0	0	0	0	0	0	0	0	0	0	0	3.951223	174.323
648.1581	817.3547	816.2432	608.5204	288.7861	262.8771	80.88565	0	0	0	0	49.92158	217.7309	331.4897	217.3793	608.1619	731.8837	3.609681	118.2938
0	0	0	0	0	0	0	19.38801	32.31335	0	0	0	0	0	0	0	0	3.231938	168.7402
38.31715	0	0	0	0	0	0	0	0	0	0	0	43.90597	19.99392	1.395346	349.7075	55.32317	3.858436	0.8699816
483.2137	432.9593	139.1644	51.70353	82.62892	275.9143	483.2137	483.2137	483.2137	483.2137	486.2741	556.4952	496.4129	483.2137	369.6581	209.2306	252.72	6.077864	105.8928
0	0	0	0	0	0	0	0	0	0	0	0	0	0	0	0	0	2.910453	117.5377
117.1368	0	0	217.3652	513.8607	513.8607	513.8607	282.4197	0	0	0	0	0	0	0	143.9943	39.4903	7.760105	151.9796
145.4462	0	0	0	0	410.2482	483.2137	483.2137	483.2137	244.0221	0	0	0	145.4462	0	0	0	6.296516	111.9545
283.9478	989.6904	792.9939	768.5748	768.4291	443.1372	30.77949	0	0	0	0	0	0	274.3206	0	16.06557	643.7499	6.369387	124.0224
702.6299	351.1032	1158.998	1174.264	1174.264	1172.005	959.8807	923.2313	923.2313	923.2313	923.2313	923.2313	1063.555	846.9893	775.0094	59.88741	0	1.210994	71.86041
291.6893	0	0	248.3323	764.0992	764.0992	764.0992	764.0992	472.3151	462.1982	513.8607	513.8607	427.5331	16.44361	0	0	0	6.147412	56.51926
0	0	0	0	0	0	0	0	0	0	0	0	0	0	0	0	0	3.625469	138.8954
0	0	0	0	0	0	17.78305	512.6158	304.7971	269.261	255.963	0	0	0	0	0	0	1.085469	9.15625
90.92786	465.9872	410.0352	445.518	14.38815	0	0	0	0	0	0	0	262.0861	762.571	764.0992	764.0992	764.0992	5.999229	120.8848
342.2731	666.8114	554.6489	568.3379	83.75163	0	0	0	0	0	0	116.4759	554.6489	562.1859	740.4489	349.0189	1183.019	7.331407	169.958
676.23	768.5089	704.2058	411.7797	9.435919	0	0	0	0	0	0	0	209.6128	1003.963	929.1891	793.882	768.5659	6.405748	40.56775
0	0	0	0	0	0	0	0	0	0	40.32302	40.59507	19.46368	0	0	0	0	0.550355	153.3054
447.0552	483.2137	483.2137	483.2137	214.546	0.4832102	0	0	0	30.92544	426.1943	483.2137	523.9078	554.2974	483.2137	483.2137	483.2137	5.381505	57.78796
778.3779	863.3336	844.1011	900.2778	957.9564	768.7435	768.5089	760.0555	295.1082	111.7195	264.3376	669.7839	700.6803	885.131	696.4426	877.3463	925.5093	5.920384	142.6033
437.2852	0	0	0	0	0	0	650.3755	768.5089	768.5089	772.7547	769.9908	773.7175	768.5089	768.5089	445.739	0	5.465485	11.29944
776.8455	0	0	0	21.5056	798.3904	922.9418	865.5778	118.8623	26.882	30.46627	230.7648	179.9796	176.9746	18.8174	0	0	0.7136288	37.05569
0	0	0	0	0	0	0	0	0	0	0	0	0	0	0	0	0	2.241385	65.09711
421.2084	769.0214	768.5089	768.5089	768.5089	221.3099	0	0	0	0	0	0	120.6559	361.0703	768.5089	768.8958	785.2113	4.977344	113.2899
2.899261	0	0	0	0	0	0	0	105.8229	447.4558	455.1872	0	0	8.221804	225.0733	279.029	128.4657	6.73467	119.8246
764.0992	97.00102	471.7011	764.0992	764.0992	764.0992	764.0992	764.0992	764.0992	764.0992	764.0992	741.9403	657.1253	745.7608	248.6956	68.56009	42.30785	5.410823	115.2545
23.48526	1171.915	685.766	0	0	0	0	0	0	0	0	0	0	0	0	0	522.5445	0.2195359	163.9254
