0	0	0	0	0	0	0	0	0	0	0	0	0	0	0	0	0	1.74395	81.42838
0	0	0	0	0	0	0	0	0	0	0	0	0	0	0	0	0	4.346799	6.946249
0	504.0608	1318.616	312.0887	220.912	14.05471	32.62869	49.38393	0	0	0	0	0	0	0	0	340.4055	2.291891	67.67001
60.57064	961.5552	1036.29	881.2094	0	0	0	0	0	0	0	0	0	62.54453	1394.672	1326.897	969.6559	4.759479	34.08621
553.8351	723.5134	723.8409	784.5533	723.3612	723.2841	720.3911	256.7664	33.27131	15.91236	12.29592	0	0	0	0	0	185.785	1.218773	35.86004
1447.266	1586.914	1352.051	85.6935	0	0	0	7.934585	785.5226	1586.914	1586.914	1586.914	1586.914	990.2346	1586.914	1586.914	1586.914	3.921188	3.867615
1586.914	1586.914	1586.914	1586.914	1586.914	1586.914	1586.914	1586.914	1374.268	610.9621	447.5099	769.6535	1564.698	1586.914	1586.914	1586.914	1586.914	2.779707	148.7014
0	0	0	0	0	0	0	0	0	0	354.16	1481.691	1506.09	1374.624	1596.606	621.3382	0	4.868821	47.07933
188.1254	1753.091	755.5478	12.40266	0.5275456	37.45601	0	0	0	0	0	0	0	0	486.9054	2112.853	2087.794	4.314939	147.3629
0	0	0	0	0	0	0	0	0	0	0	0	0	0	0	0	0	4.523255	26.7012
0	0	0	0	0	0	0	0	0	0	0	0	0	0	0	0	0	0.7775232	165.671
0	0	0	0	0	0	0	0	0	0	0	0	0	0	0	0	0	4.573202	116.0832
60.77034	1502.808	1586.914	515.2138	0	0	0	0	0	0	0	0	2.311208	4.10881	0	0	231.6896	2.04869	101.3458
0	0	0	0	0	0	746.7383	456.8282	0	0	612.7856	777.7969	491.8308	0.8010322	0	0	0	4.298168	149.7844
0	0	0	0	0	0	0	0	0	0	46.34273	197.2141	0	0	26.7758	0	0	2.978882	10.47591
110.0704	21.38254	0	0	0	0	0	0	0	0	0	0	1218.378	1832.886	906.6115	816.4438	577.3878	3.292115	4.058544
0	0	0	0	0	0	0	0	0	0	0	0	0	0	0	0	0	4.298392	17.31796
22.42887	0	0	0	0	0	0	0	193.0483	746.5568	796.2204	797.8224	161.8083	527.0759	0	0	0	4.973867	101.3987
51.18934	0	0	0	0	0	0	0	0	0	0	579.6684	723.2878	714.9774	170.214	0	0	0.90552	57.21136
8.010312	0	0	0	0	0	0	433.3559	733.7404	773.7917	723.3271	401.3149	0	0	0	0	0	4.038846	47.03885
0	0	0	0	0	0	0	0	0	0	0	0	0	0	14.41677	54.96392	0	4.245978	38.55972
785.8381	0	0	688.7209	1586.914	1586.914	1586.914	1586.914	741.1053	341.3926	13.90282	0	0	0	0	0	0	3.136153	127.9575
0	0	140.1806	449.3764	438.162	84.90942	0	0	0	0	0	0	0	0	0	72.21736	88.7869	3.573933	37.61111
372.4097	1808.971	1381.117	1147.901	306.1461	9.933926	0	48.72004	272.5832	0	0	0	0	0	376.149	844.3795	1332.678	3.143615	121.2676
0	0	0	0	0	0	0	0	0	0	0	0	0	0	0	0	0	5.083391	23.64349
8.554016	0	0	0	0	0	0	0	1075.842	1572.958	34.20979	0	0	0	0	0	75.74016	3.287999	137.9088
943.423	0	35.48337	26.6954	0	0	0	0	789.7337	2181.591	1470.027	51.9379	0	433.3167	1402.502	73.78153	0	4.584445	114.1267
461.8285	0	0	20.28269	835.1128	881.8501	881.8501	880.9683	169.6984	854.4978	999.6379	1050.545	1081.293	1035.46	950.8983	873.278	28.89869	3.318835	81.14642
300.8019	905.2951	635.0405	195.3776	479.1753	479.2323	495.912	77.45339	589.0806	881.8501	881.8501	114.6414	709.1039	910.1298	793.6772	619.7312	813.0948	5.308452	129.6679
895.0138	10.2206	363.1118	125.3487	0	0	0	0	0	0	0	678.6446	1610.709	117.0055	0	0	0	5.589727	116.3416
0	652.404	250.2569	0	0	0	0	0	0	0	0	0	106.3235	0	0	0	426.7413	3.598095	84.45572
725.4859	224.8687	744.1381	975.4994	958.041	10.83701	0	0	0	0	0	23.52857	1691.474	1455.438	687.6273	229.3842	122.8194	3.58117	1.120636
0	0	0	0	0	0	0	0	0	0	0	0	0	0	0	0	0	5.017905	55.78644
0	0	0	0	0	0	0	0	0	0	0	0	19.25328	1071.961	171.817	0	0	3.674391	65.6983
168.2341	0	0	10.03511	489.3392	636.2964	805.3706	667.1823	846.6713	857.2536	851.2529	244.3185	0	0	0	0	0	1.523387	80.44937
0	0	0	0	25.39463	5.771508	0	0	0	0	0	0	0	0	0	0	0	3.761133	139.7853
0	0	0	0	0	0	0	0	0	0	0	0	0	0	0	0	0	4.482944	45.55268
626.8134	860.1049	339.3747	249.9267	432.4936	905.1077	1061.209	550.8798	0	0	0	0	721.356	823.6489	123.2362	496.0927	1089.142	3.37611	122.2717
0	0	0	0	0	0	0	0	0	0	0	0	0	0	0	0	0	1.50191	84.39734
888.6412	1190.205	1194.803	1268.714	1257.926	1222.815	1143.909	95.80708	0	0	0	0	0	247.0202	1154.298	1154.298	1154.298	4.184333	87.16908
286.4775	723.2841	723.2841	722.3868	618.1768	181.6141	115.8698	704.4306	1481.187	568.5963	1333.094	6.58663	0	0	0	109.94	648.9992	2.277281	9.625492
519.4155	881.8501	339.515	0	0	0	0	31.56565	102.877	157.6619	0	0	31.74683	846.5767	881.8501	881.8501	881.8501	5.407964	77.42615
0	0	0	0	320.4305	663.2596	229.2817	0	0	0	0	0	0	0	91.16314	0	0	3.804241	146.6012
795.7684	0	0	0.2568258	1488.085	1586.914	1586.914	1586.914	1586.914	1586.914	1586.914	1586.914	204.2248	0	0	0	860.3644	3.051072	85.60941
107.5866	199.0302	820.9854	979.1629	909.6163	847.9918	322.4015	0	0	0	0	0	79.36707	840.4038	881.8501	881.8501	477.3036	3.074841	105.4265
845.8643	1004.593	140.3768	1334.917	52.80013	233.5219	331.9291	55.85851	355.3346	620.9799	515.8727	397.6925	1603.642	418.7226	1233.28	436.5476	613.3313	2.818257	50.48956
0	0	0	0	0	0	0	0	0	0	0	0	0	0	0	0	0	1.283994	20.54584
465.2375	745.4599	758.2767	735.8629	585.8635	17.35894	0	0	0	0	0	0	0	0	1.446578	541.7746	725.4382	3.423325	86.14844
132.6684	1561.803	2155.278	2196.263	2186.214	2118.968	1262.05	0	0	0	0	0	0	0	0	0	5.814048	5.069827	76.77673
0	0	0	0	0	0	0	0	0	0	0	0	0	0	0	0	0	6.259645	61.38489
701.1072	70.15907	57.13986	199.6271	662.5297	723.2841	723.2841	737.5382	739.6215	723.2841	723.4469	347.1805	2.893157	0	415.2809	2.169868	143.2112	3.339465	144.6212
16.05143	0	0	0	0	0	0	0	0	0	3.489441	466.8843	715.6504	940.6713	689.8922	206.5755	161.377	2.008244	170.9131
742.0714	723.2841	723.2841	723.2841	723.2841	723.2841	723.2841	759.8396	729.5004	457.843	75.94539	20.97539	40.5042	224.2187	707.429	544.1277	731.7007	1.970025	176.894
273.5104	0	0	0	0	0	303.0574	596.3724	651.2717	544.3298	681.3674	618.667	356.2664	1177.278	513.6491	1208.596	6.39621	2.22976	124.0818
0	0	0	0	0	0	0	0	9.234413	607.1608	911.8952	940.7526	452.485	0	186.9967	0	0	4.045674	2.665429
723.1196	0	0	0	0	4.409281	75.83964	76.7215	229.2822	792.7847	881.8501	881.8501	881.8501	861.5679	547.6343	497.3691	24.69198	5.2481	22.53165
1309.755	34.62904	6.92581	38.09194	309.3522	1142.755	1154.298	1154.298	1288.566	1162.114	1154.298	1154.298	1154.298	1154.298	1154.298	1160.989	457.1022	4.374506	95.94385
0	0	0	0	0	0	0	0	0	0	0	0	0	0	0	0	0	5.418272	44.47995
0	0	0	0	0	0	0	0	0	0	0	0	0	0	0	0	0	1.745806	25.37273
1481.597	552.4156	844.3652	512.2552	1084.564	1586.914	1586.914	1586.914	1586.914	1586.914	1586.914	1586.914	1586.914	1584.863	1016.645	906.1464	690.8071	4.15277	175.8711
0	4.885217	0	0	0	0	0	0	0	0	0	0	41.48936	0	0.6978881	331.6359	384.692	3.463166	55.91534
0	0	0	0	0	0	0	124.0785	560.6965	675.52	581.5924	0	0	0	0	0	0	0.9271404	81.32501
0	0	0	0	0	0	0	0	0	0	0	0	0	0	0	0	0	0.4915614	175.9154
0	0	0	0	0	0	0	0	0	0	0	0	0	0	0	0	0	4.890309	95.37524
620.9456	0	310.4135	881.8501	881.8501	881.8501	881.8501	881.8501	298.0673	0.8818562	0	328.6663	360.43	367.6494	197.4872	397.8415	0	3.009843	152.8492
741.0748	1586.914	1586.914	1586.914	1302.857	0	0	0	0	0	0	37.5891	469.6084	1102.366	1586.914	1586.914	1586.914	2.697618	168.2519
0	1038.868	424.7819	0	0	0	0	0	0	0	0	0	0	0	122.3561	0	634.864	5.65349	3.864624
0	0	0	0	0	0	0	0	0	0	41.19354	440.7727	465.489	415.0266	115.8565	0	69.51406	2.67737	47.15033
629.9162	678.932	568.3641	836.6799	505.7855	206.5993	85.72616	0	0	0	247.1154	594.865	631.9617	475.1513	842.207	725.4931	673.5923	1.686501	89.29342
0	0	0	0	0	0	0	0	0	0	0	0	0	0	0	0	0	4.259002	15.75124
0	0	0	0	0	0	0	0	0	0	0	262.5439	1752.581	1955.506	1850.007	980.1046	0	2.665426	149.3147
0	0	0	0	0	0	0	0	0	0	0	0	0	0	0	0	0	4.400357	116.5008
692.5788	1154.298	943.0612	91.18986	0	0	0	0	0	0	0	0	0	946.5241	1197.328	1224.632	1154.298	3.891855	151.3732
533.8692	0	0	0	0	0	0	882.6426	890.294	772.6501	194.7591	56.74765	72.97251	284.9803	889.2927	882.1593	21.70248	3.105166	102.6393
41.14855	224.6017	857.2536	857.2536	781.8166	46.29212	0	0	0	0	0	0	0	0	0	0	0	2.06231	133.8939
886.9684	963.9374	1013.357	801.0266	801.0266	593.561	185.038	120.9559	249.9211	541.4943	176.2267	110.5425	312.877	778.3943	453.2299	332.4876	521.7106	3.940817	150.0621
952.597	502.1136	908.9009	952.0185	509.6326	107.3059	103.5484	266.6687	326.0138	80.37447	78.5683	1.806168	57.21527	0	0	0	0	3.306016	46.25241
39.64841	0	0	30.54789	818.2902	910.0119	910.6404	503.3531	0	0	0	0	0	0	0	0	0	3.836039	133.3048
0	0	10.46832	372.671	87.23608	0	0	0	0	0	0	0	0	0	0	0	0	1.582446	115.2421
678.0753	0	84.0173	1395.237	947.5091	543.3525	283.8671	41.6021	15.78012	16.73649	0	620.938	577.3568	892.926	193.435	0	334.2217	4.256782	155.6343
693.2237	636.6655	633.174	632.5406	645.4691	732.2392	857.2536	857.2536	452.7388	699.5277	747.7579	692.1884	970.6594	906.9064	705.8993	707.7671	643.9813	2.043185	72.28683
718.7104	45.82377	753.6644	1243.335	1311.064	861.4839	381.0802	544.1069	881.8501	881.8501	881.8501	881.8501	881.8501	645.5181	73.19406	0.8818562	636.0721	3.459125	117.4817
0	0	0	0	0	0	0	0	0	0	0	0	0	0	0	0	0	0.840378	4.583386
2.308603	1153.143	1154.298	1123.132	577.1491	0	0	0	0	0	0	0	0	0	0	0	552.9089	5.519187	80.98499
0	104.9097	0	0	0	0	0	0	0	0	0	0	0	0	308.7144	1041.083	1054.136	5.137868	16.30093
109.6587	1297.099	1125.928	272.4147	0	0	0	0	0	0	0	0	0	683.3444	1154.298	1154.298	1154.298	3.881102	134.0244
1355.179	0	0	68.70502	1095.906	1194.505	1574.476	1586.914	1586.914	1586.914	1586.914	1586.914	1586.914	1549.342	141.5647	0	0	3.868315	167.4471
0	0	0	46.86213	191.7518	132.9357	0	0	0	0	54.41699	270.6448	325.0625	315.3322	164.6924	0	0	3.812501	47.7197
128.5586	723.2841	238.6844	0	0	0	0	0	0	0	0	0	0	0	129.2565	723.7009	723.2841	1.287838	80.77902
0	0	0	0	0	0	0	0	0	0	0	0	0	0	0	0	0	5.386826	159.3836
0	0	0	158.6851	248.9483	0	0	0	0	0	0	0	0	0	0	0	0	2.901956	174.6174
1586.914	1586.914	1586.914	1586.914	1586.914	1586.914	1586.914	1399.264	251.8782	12.90613	0.5135783	21.91399	436.869	443.6381	1003.957	566.647	1420.15	3.756395	43.25198
1565.521	908.8327	907.3391	443.8839	442.4265	1586.914	1586.914	1586.914	1586.914	1586.914	1586.914	1586.914	1586.914	1586.914	1586.914	1256.25	929.5071	4.035778	154.6126
0	0	0	0	0	0	0	0	0	0	0	0	0	0	0	0	0	1.693017	36.45888
475.7815	0	0	2.869111	349.5512	426.5381	762.0667	1150.043	576.6547	558.7069	1251.777	1360.07	478.4765	389.278	5.260037	0	0	4.183168	38.82178
0	0	0	0	0	0	0	0	0	0	0	0	0	0	0	0	0	1.568858	174.1611
797.0214	6.408256	66.48568	569.5302	801.0266	801.0266	477.4123	36.84746	0	0	15.21961	54.47023	1.602064	0	40.05163	76.89915	8.811353	4.518615	21.38678
0	0	0	0	0	0	0	0	0	0	0	0	0	0	0	0	0	3.611814	149.1716
147.1878	0	0	8.094937	573.7782	649.8977	38.64972	0	0	0	394.6609	877.4169	628.0051	346.0441	0	0	0	3.526834	35.15393
918.0643	6.401602	269.585	937.2238	908.6073	454.2506	4.515421	0	618.1812	693.1372	191.4787	768.7343	372.9563	741.4139	66.71121	0	0	3.547925	169.0044
