0	0	0	0	0	0	0	0	0	0	0	0	0	0	0	0	0	2.750698	39.73286
2.138046	0	0	0	0	0	0	0	0	0	0	0	0	0	0	58.61084	0	2.118468	50.67285
0	0	0	0	0	0	0	0	0	0	0	0	0	0	0	0	0	1.941724	86.58746
0	0	0	0	0	0	0	0	0	0	0	0	0	0	0	0	0	2.986122	179.2157
0	0	0	0	0	0	0	332.3151	717.4709	86.89545	0	0	0	0	0	0	0	2.524892	179.2551
840.5626	1174.264	1174.264	995.275	925.7416	923.2313	923.2313	333.2892	9.232387	0	0	0	0	144.4342	439.1723	967.5873	1174.264	0.7006278	18.89482
21.69792	13.14586	168.5924	184.9307	0	0	0	0	0	59.04964	238.6028	174.4695	72.47276	138.3129	33.72932	3.163976	0	1.898828	123.5401
0	0	0	0	0	0	0	0	0	0	0	0	0	0	0	0	0	0.4421258	25.98852
247.7838	0	0	0	0	0	0	0	0	0	17.67572	511.7029	1005.1	818.1153	768.6047	768.5089	570.4927	6.143294	53.97009
0	0	0	0	243.0717	1059.181	1156.649	1142.557	230.1549	0	0	0	0	0	0	0	0	0.8286065	118.3809
2.74916	0	0	0	0	0	0	0	0	0	0	0	3.051254	0	0	0	0	2.301823	102.2555
155.5092	1002.766	622.9976	0	0	0	0	0	0	0	0	0	19.34725	486.3409	768.5089	893.6842	906.6942	6.850483	17.18231
1.449631	0	45.00772	128.4344	262.8302	140.6371	0	0	0	2.416051	341.6316	479.8312	483.2137	482.7305	438.2747	79.24647	195.4605	5.433013	141.9454
934.7081	0	0	0	0	0	30.53083	70.45577	98.63808	504.48	1171.251	1162.716	1170.247	1081.844	191.4044	464.1426	73.97856	1.995177	90.7502
221.3113	0	0	0	1.984102	59.33641	56.52017	5.615294	700.7202	905.2108	855.241	0	0	0	0	0	0	3.684548	170.7384
846.304	947.8315	923.2313	923.2313	923.2313	923.2313	923.2313	1023.891	1174.264	1174.264	1174.264	1131.989	11.74263	0	291.2162	976.27	842.2372	0.751669	102.643
8.249476	0	0	0	0	0	0	0	0	0	0	0	0	0	3.950244	0	0	2.176868	81.19635
930.762	1174.264	1173.511	1017.114	923.2313	923.2313	923.2313	923.2313	964.6498	990.2546	925.7416	923.2313	923.2313	923.2313	923.2313	1039.009	1174.264	1.363646	13.79904
137.2921	0	0	602.6653	19.54757	19.8044	0	0	0	0	0	0	0	0	0	44.72184	0	3.330163	56.83224
408.1139	5.718667	74.26145	667.8227	764.0992	764.0992	764.0992	764.0992	220.0606	0	0	0	8.81486	58.86982	0	0	0	3.598969	101.3252
496.6212	486.221	483.6164	483.2137	483.2137	483.2137	331.0009	38.65682	6.764942	9.180993	75.38081	425.7111	362.8888	483.2137	483.2137	483.6176	485.0899	5.032991	123.0733
3.22596	0	0	0	0	0	0	0	0	0	57.79325	7.107941	68.30014	417.1254	48.17544	0	0	1.747367	91.88556
0	0	0	0	0	0	0	0	0	0	0	0	0	0	0	0	0	3.855109	32.26089
0	0	317.0498	1153.126	1168.392	1124.943	338.1864	0	0	0	0	0	0	0	0	0	0	2.518583	76.84039
32.2584	0	0	454.2245	1035.907	896.0606	350.3618	0	0	0	0	0	0	0	160.4618	0	0	3.404	148.9078
0	0	0	0	0	0	0	0	0	0	0	0	0	0	21.07655	0	0	7.756834	92.89582
159.6224	0	0	0	0	0	0	2.348525	900.6547	1173.09	1174.264	1168.239	955.1111	923.2313	202.1889	0	0	0.8298526	168.5849
335.1357	0	0	26.77392	908.4598	923.7334	923.2313	923.2313	923.2313	1081.629	949.9844	255.7364	0	0	0	453.8897	0	1.820863	151.2607
0	0	0	0	0	0	56.69398	340.6178	433.6193	308.1239	176.6862	11.97595	0	0	0	0	0	4.055788	164.7446
76.83043	481.2809	483.2137	483.2137	184.1034	0	0	0	0	0	0	0	0	0	0	0	61.85097	4.366239	55.84008
447.5945	0	0	0	76.6543	163.5056	94.73355	50.64449	1.355447	0	0	0	79.74997	767.9244	156.0449	863.5983	18.8174	3.445982	107.8856
0	0	0	0	0	0	0	0	0	0	0	0	0	0	0	0	0	1.841769	120.0061
0	0	0	0	0	0	0	0	187.6456	657.9496	928.3457	887.4528	418.0717	0	0	0	21.6312	6.966549	94.57561
0	19.38389	0	0	0	0	0	0	0	0	0	0	0	0	0	0	0	2.248398	177.4496
253.7182	0	0	0	0	0	54.6708	5.138628	201.9491	513.8607	513.8607	513.8607	513.8607	513.8607	53.89783	0	0	6.28913	49.84195
0	0	0	0	0	0	0	0	0	0	0	0	0	0	0	0	0	1.833113	12.59044
0	101.5563	0	0	0	0	0	0	0	0	0	0	0	0	314.8243	42.46896	540.0959	1.315765	47.35976
0	0	0	0	0	0	0	0	0	0	0	0	0	0	0	0	0	1.296479	93.78674
0	0.9692919	6.148076	0	0	0	0	0	0	0	0	0	0	125.1512	19.89871	0	0	4.175994	177.7495
56.8727	602.2178	868.6216	806.8116	756.3158	555.4575	20.8533	0	0	0	0	0	0	0	0	0	105.5305	3.825312	59.15699
401.1521	0	0	0	0	288.0654	764.0992	764.0992	764.0992	764.0992	764.0992	764.0992	764.0992	382.8137	0	0	0	4.471692	131.4409
92.49528	61.36776	0	0	386.4247	513.8607	513.8607	513.8607	513.8607	513.3469	246.6558	0	0	0	0	0	229.0424	5.886735	80.94766
0	203.2504	565.4334	636.4946	376.7009	0	0	0	0	0	0	0	0	0	0	0	0	3.136478	106.8973
438.1754	0	0	0	0	1.792134	313.0361	697.0905	535.8921	810.36	1049.961	896.0606	270.6127	0	0	0	0	3.26677	10.57378
0	0	0	0	0	0	0	0	0	0	0	0	0	0	0	0	0	0.5461469	114.4432
0	0	0	0	0	0	0	0	0	0	0	0	0	0	0	0	0	1.10291	46.97302
936.5355	1174.264	413.4582	840.1417	923.2313	923.2313	923.2313	923.2313	924.2354	943.8151	923.2313	923.2313	923.2313	913.0054	1018.62	1168.992	1174.264	1.49217	177.483
1.240836	0	0	0	0	0	0	0	89.25633	39.41804	0	0	0	11.14267	0	0	0	2.878152	62.85251
739.442	51.51797	0.6148578	1.784135	41.68661	104.9697	78.88478	827.3165	1008.703	972.9891	849.9179	936.7771	928.9612	869.8103	769.5963	768.5089	705.4924	6.041311	26.34396
70.54873	214.0628	0	0	0	0	0	0	0	0	0	0	109.6886	170.0902	482.7305	483.2137	483.2137	4.18438	122.0197
396.9568	0	0	0	75.26965	916.9898	932.7731	802.5298	540.9315	719.8178	1103.02	896.0606	602.1539	0	0	0	0	3.093223	21.58743
71.33975	760.2787	764.0992	764.0992	759.5146	231.5221	44.72766	0	0	0	0	0	0	0	0	219.986	443.7426	3.897929	149.2621
0	0	0	0	0	0	0	0	0	0	0	553.9442	64.62665	400.6864	0	0	0	1.229358	126.7622
0	0	0	172.5063	431.0265	470.6501	460.9858	279.2968	0	0	0	0	0	95.67553	0	0	0	6.103314	140.3544
14.90202	43.16446	0	0	262.3843	462.4355	472.583	442.6236	185.5531	0	0	0	0	142.31	512.3192	513.8607	467.0999	5.40829	121.9945
41.14601	81.5444	0	0	0	0	0	0	0	0	0	324.0033	111.3513	8.394102	4.360771	23.60139	238.3254	1.496553	159.5689
198.3383	0	0	0	0	164.9305	855.8859	805.0798	873.7463	631.917	80.88565	0	0	0	0	0	0	4.22472	85.76086
220.8278	0	0	287.5115	483.2137	483.2137	483.2912	535.1167	489.1707	483.2137	483.2137	59.91813	0	0	0	0	0	5.155663	94.71585
468.4153	34.15983	971.2834	1160.457	940.5519	923.2313	923.2313	923.2313	792.1344	0	0	0	501.7921	0	0	0	2.769716	1.968769	153.0296
4.348891	104.828	0	0	0	0	123.7016	483.2137	467.7508	186.5195	0	0	120.2439	495.8758	512.833	510.7776	457.8505	5.713725	109.2027
140.8463	0	0	0	0	0	99.46339	896.0606	1011.631	727.6083	17.59574	434.5128	294.8728	5.299017	0	0	0	3.269135	83.65366
969.1683	923.2313	923.2313	923.2313	923.2313	923.2313	931.515	929.2558	457.0045	94.24276	1130.814	1174.264	1174.264	1142.883	888.1341	923.2313	923.2313	1.137938	162.3298
61.31896	37.6904	156.5602	0	0	0	0	0	0	569.7234	930.202	773.1379	761.3547	553.9456	0	0	0	6.141732	3.535184
400.8132	764.0992	764.0992	764.0992	642.6074	311.7525	40.18806	0	0	0	0	0	0	47.85227	319.5243	764.0992	764.0992	3.945494	125.9406
43.45234	58.58034	470.6969	513.8607	513.8607	211.4253	0	0	0	0	0	26.62426	96.65675	0	0	0	0	6.692091	100.1588
0	604.317	795.8273	24.92744	0	0	0	0	0	0	0	0	0	0	281.8221	1090.888	1028.649	2.477617	42.68597
0	0	0	0	0	0	0	0	0	0	0	0	0	0	0	0	0	3.511737	93.64537
65.79108	0	0	0	0	0	0	0	0	37.92833	12.55494	54.72011	325.0827	0	0	0	38.32836	1.975836	15.9642
0	0	0	0	0	0	0	0	0	0	0	0	0	0	0	0	0	3.89025	56.46271
66.09178	494.156	0	0	0	0	0	0	0	0	1.168453	430.275	738.6946	768.5089	768.5089	768.5089	767.7404	5.501318	88.42719
290.4108	0	0	0	0	0	31.89186	94.70911	346.947	483.2137	483.2137	483.2137	483.2137	483.2137	365.7924	0	0	4.25537	73.60504
0	0	0	0	0	0	0	0	0	0	0	0	0	2.527673	0	0	0	3.169866	164.4333
91.59251	973.4586	1074.447	0	0	0	0	0	0	0	0	682.2432	1174.264	1171.915	392.7935	36.0063	159.6996	2.175314	26.7084
790.4288	0	11.64887	198.4165	713.862	49.60401	0.896067	0	0	0	5.376402	496.4191	216.3545	1088.937	150.7283	0	0	3.361806	153.5627
0	0	0	0	0	0	0	94.74835	140.5943	0	0	0	0	0	0	0	0	3.347488	70.13235
1.511836	0	0	0	0	0	0	0	0	0	0	0	0	0	0	0	0	3.043565	31.44073
66.5575	529.8109	27.17765	0	0	0	0	0	0	0	0	17.19403	483.6552	556.5062	554.6489	191.7612	627.4453	6.501635	166.5417
267.1935	595.8209	582.1291	543.5564	110.3748	0	0	0	110.4805	513.8607	513.8607	513.8607	513.8607	101.2309	64.33891	435.9547	554.6489	6.464995	151.7847
0	0	0	0	0	0	0	107.689	0	0	0	0	0	2.976278	10.51377	15.45439	21.36092	2.677318	125.6567
553.2078	0	0	0	42.78961	747.289	764.0992	764.0992	764.0992	764.0992	764.0992	764.0992	764.0992	398.8598	44.31781	0	0	4.762256	125.3551
408.9132	513.8607	513.8607	513.8607	513.8607	513.8607	513.8607	411.4859	7.462396	0	0	0	0	0	173.1827	270.808	341.2054	6.121993	153.7854
0	83.70022	0	0	0	0	0	0	0	0	0	0	0	0	0	324.5815	492.2666	0.6825184	127.3583
0	9.80804	407.7426	540.1908	155.686	0	0	0	0	0	0	14.97161	262.2185	68.47085	0	0	0	3.442337	165.6055
0	0	0	0	0	0	0	0	0	0	48.25418	408.3643	94.914	521.0013	378.9156	16.63939	0	6.445848	123.6991
0	0	0	0	0	0	0	0	0	0	0	0	0	0	0	0	0	1.300849	115.2071
0	0	0	76.32709	499.0594	409.8159	3.522788	0	0	0	0	0	0	0	0	0	43.44773	0.2280194	91.02173
45.08191	0	0	0	0	0	9.933302	496.6645	764.0992	764.0992	764.0992	468.3928	194.0812	0	0	0	0	3.735784	114.271
787.0393	634.6589	672.3248	665.8322	722.3152	679.7611	436.4818	281.8349	405.0608	161.1376	429.771	564.8581	435.8337	149.4885	442.3445	295.7373	406.3246	4.334003	124.9026
521.7366	554.8133	204.6641	71.12514	287.324	174.9505	44.37167	1.109292	0	1.109292	8.319692	0	207.3614	0	48.73813	934.2956	555.5524	6.896191	100.6581
0	0	0	0	0	0	0	0	0	0	0	0	0	0	0	0	0	3.636494	171.1405
68.99719	0	0	0	0	0	54.66012	923.04	969.0187	896.0606	760.756	8.064603	0	0	0	0	0	3.145097	22.20639
198.0347	1018.848	542.3389	37.41991	962.4743	280.7124	12.31194	0	0	0	0	0	0	0	294.6432	896.0606	971.6259	3.176464	104.8257
79.46854	0	0	0	0	0	0	0	0	0	57.10578	0	0	0	400.3348	14.39583	0	2.2907	86.46114
344.8024	0	0	0	7.707941	200.4075	334.8115	512.3192	513.8607	513.8607	513.8607	513.8607	513.8607	264.297	0	0	0	5.732259	125.5914
967.4113	969.6705	923.2313	923.2313	923.2313	923.2313	923.2313	923.2313	923.2313	923.2313	1085.646	1174.264	1174.264	1162.521	60.00202	206.8051	905.6952	0.9232531	59.72183
0	0	0	0	0	0	0	0	0	0	854.2921	823.48	405.0213	0	0	0	0	3.767138	52.72378
0	0	0	0	0	0	0	0	0	0	0	0	0	0	0	0	0	3.522516	100.6293
1006.338	0	10.56836	0	7.045575	775.8361	1132.842	1098.449	1137.361	1164.975	647.0197	247.7687	324.0953	3.522788	0	0	0	1.0509	76.94852
35.81516	66.35403	314.635	259.6772	40.26226	14.89252	0	1.401109	22.19728	303.407	2.199706	0	0	0	0	0	0	1.739806	84.26571
126.1933	0	339.0847	29.44007	0	0	8.779066	306.6827	912.8113	0	0	0	0	0	0	0	0	1.062354	98.43356
