334.257	79.71336	0	0	0	0	0	0	0	211.4722	896.0606	1028.162	842.0724	572.0417	268.2039	411.3592	470.2028	6.866858	149.1968
76.83043	0	71.03194	470.6501	483.2137	483.2137	483.2137	483.3734	451.3215	24.64371	0	0	0	0	310.888	231.7536	0	1.711071	101.7392
201.5815	662.0178	262.8771	446.5075	634.0225	0	0	0	0	0	0	0	0	231.2813	631.917	898.6	876.4114	3.216387	96.28711
0	0	0	0	0	183.1847	816.1083	607.0909	0	0	0	0	0	0	0	0	0	6.86905	95.05371
0	0	0	0	0	0	0	46.01844	131.6971	0	0	0	0	0	0	0	0	7.47324	115.3979
389.8536	730.3877	0	0	0	0	0	0	0	91.59251	42.27346	0	77.80304	1027.695	1174.264	1174.264	1174.264	5.449104	38.09848
557.3966	768.5089	744.6856	614.8102	119.5003	582.629	675.439	880.6193	632.4021	470.1493	17.53913	517.98	700.113	768.5089	768.5089	587.1292	768.5089	2.676566	27.17396
0	0	0	0	0	0	0	0	0	0	0	0	0	0	0	0	0	7.669132	178.7841
600.582	764.0992	641.0792	11.4615	0	0	0	0	2.292301	522.6439	764.0992	764.0992	764.0992	764.0992	764.0992	764.0992	764.0992	2.871402	96.88754
389.6906	764.0992	764.0992	764.0992	764.0992	750.3454	323.214	132.1892	0	0	0	0	0	0	0	103.9175	764.0992	3.557965	130.3754
0	0	0	0	0	0	0	0	0	0	0	0	0	0	0	0	0	4.331926	50.07346
1141.472	1010.578	416.8615	497.8851	555.4236	48.14478	1.174263	10.56836	105.6837	2.348525	0	81.24498	860.3465	1000.797	969.9216	980.7156	1089.913	5.317492	66.59149
51.22032	426.1943	14.97952	0	0	0	0	1.541588	321.6789	37.51197	0	19.32841	430.06	483.2137	483.2137	483.3742	483.2137	1.798996	55.13304
92.83475	0	0	0	0	12.54555	642.2079	0	0	0	0	0	0	0	0	25.24308	2.874569	6.009985	13.86243
111.3828	0	0	0	0.5129921	8.647654	48.02113	0	0	0	87.53122	138.5368	40.61065	22.69551	0	0	0	8.753407	163.3091
0	0	0	0	0	0	0	0	0	0	0	0	0	0	0	0	0	3.765437	146.7688
844.1429	768.5089	768.5089	803.2943	956.9539	806.6968	772.2834	772.1044	793.2911	851.474	768.6426	768.5089	768.5089	733.9861	400.396	332.7659	603.2828	1.68143	48.38544
87.94416	0	0	0.2502508	307.7178	6.905951	0	0	0	13.05811	69.47051	0	0	0	0	0	0	5.508549	68.45657
10.15563	0	0	0	232.6556	898.4409	761.1559	883.0409	577.7345	0	0	0	0	0	0	167.3956	0	4.856443	11.64569
7.525113	0	0	0	0	0	0	0	0	0	0	0	0	10.22023	0	2.099479	0	8.697243	4.932007
0	295.243	451.8047	446.4893	7.731362	0	0	0	0	0	0	0	0	0	0	0	0	2.421286	87.90909
924.7374	1135.101	934.0253	923.2313	923.2313	923.2313	962.3907	1018.369	929.0048	555.7906	139.409	71.08933	183.7242	663.8071	857.3826	1174.264	1173.26	6.496044	87.70502
707.5558	764.0992	764.0992	764.0992	764.0992	538.3903	410.0094	458.0297	438.0656	169.2136	0	0	0	1.528201	394.2752	764.0992	764.0992	2.529511	123.9529
0	0	0	0	0	0	0	0	0	0	0	0	0	0	369.8913	248.943	0	5.382463	107.1142
0	0	0	64.33891	212.1759	87.63418	0	0	0	0	0	0	92.29308	25.12692	0	0	0	0.5058292	161.7313
168.3077	401.0093	36.88243	0	0	0	0	0	0	0	1.624863	84.6429	0	0	62.4706	0	0	8.24133	39.47906
0	0	0	0	0	0	0	0	0	0	0	0	0	0	0	0	0	2.744621	126.1705
754.71	985.2695	979.4977	884.418	768.5089	768.5089	768.5089	524.9769	19.21274	0	0	6.148076	328.1548	768.5089	534.1795	781.7548	935.3231	1.655103	60.28036
0	0	0	15.16661	0	0	0	0	0	0	0	0	0	0	0	0	0	8.212195	153.2963
373.379	0	0	0	0	0	133.3349	805.9352	751.2258	891.7942	643.8743	609.8006	22.74905	0	0	0	0	3.594783	120.9263
0	0	0	0	0	0	0	0	0	0	0	0	0	0	0	0	0	7.853457	63.75752
0	0	0	0	0	0	0	0	0	0	0	0	0	0	0	0	0	3.728792	78.22455
14.97952	365.3092	482.7305	483.2137	483.2137	475.4823	226.1432	0	0	0	0	0	0	0	0	151.2448	1.449631	2.099257	44.57962
0	686.5316	6.916585	0	0	0	134.2246	0	0	0	0	0	0	202.933	800.3218	986.1906	968.1677	0.6649917	75.55319
585.7825	802.8707	317.2077	255.3797	440.8636	882.6198	972.9037	565.3751	0	0	0	0	0	0	0	744.2863	921.7989	5.567672	152.4781
180.0715	0	0	0	0	0	22.59219	9.025068	0	0	0	0	48.863	198.3072	169.852	0	0	8.137248	44.09421
0	0	0	0	0	0	0	0	0	0	0	0	0	0	66.99178	0	0	7.456714	101.0747
0	0	0	0	0	0	140.0285	175.8114	0	0	0	0	196.5487	323.0114	120.9277	0	0	7.678397	118.4328
168.4163	747.564	768.5504	768.5089	768.5089	768.5089	768.5089	378.1088	0	0	0	0	0	0	0	0	339.9226	0.944688	0.264679
0	699.1508	0	0	0	0	0	0	0	0	0	0	0	0	0	423.311	736.5916	3.551766	75.58011
349.3631	502.1985	483.2137	483.2137	483.2137	483.2137	439.2411	224.2103	0	0	0	0	0	1.449631	283.5882	483.2137	528.166	2.028056	12.8663
0	0	0	0	0	0	0	0	0	0	0	0	98.63808	0	0	0	0	4.580355	47.98438
603.8931	29.93236	0	20.52191	334.4525	475.89	498.6309	314.4848	27.17765	1.109292	2.218585	40.48915	423.963	576.5523	582.3876	1168.947	177.8334	0.7559776	141.9452
3.692954	928.2518	896.458	334.2125	0	0	0	0	0	0	0	0	0	0	0	246.6573	175.8279	7.094399	33.57233
0	0	0	0	0	0	0	0	0	0	0	0	0	0	0	0	0	4.493701	81.75185
0	0	0	0	0	0	0	0	0	0	0	0	0	0	0	0	0	3.303362	80.90112
149.5199	0	0	0	0	191.4159	43.01369	0	17.52455	0	0	0	0	14.14208	105.7185	53.83855	1.947722	8.662132	73.11331
343.4376	0	0	0	18.8174	1084.38	901.2464	894.2685	807.351	886.204	916.1746	908.2065	428.1306	0	0	0	0	6.42219	89.89997
0	439.2826	1.663939	0	0	0	285.3502	192.8958	0	0	0	0	0	11.64757	363.8493	521.4815	136.1305	0.232118	143.7957
77.03406	744.2326	231.7318	0	0	0	0	0	0	0	0	0	273.9193	743.4685	764.0992	764.0992	764.0992	3.501744	38.8171
0	29.20335	0	0	0	0	0	0	0	0	100.3911	290.6346	218.8321	7.765046	0	0	0.5463126	0.1595393	23.21481
137.3887	0	0	0	0	0	0	19.96247	661.1066	1174.264	1174.264	1174.264	678.7205	0	260.6855	0	0	6.274516	41.6601
969.4194	923.2313	923.2313	923.2313	931.766	1102.357	1174.264	1174.264	1174.264	414.5215	634.5152	923.2313	923.2313	923.2313	923.2313	923.2313	923.2313	5.403594	102.7619
0	0	0	0	0	0	0	0	2.773231	320.0314	497.819	544.6951	411.7749	49.91812	0	0	0	1.091542	9.566018
4.005163	0	0	28.42696	310.3275	723.6019	762.571	758.7505	684.6071	230.7192	0	0	0	0	0	0	0	3.688282	125.1611
0	0	0	0	0	0	0	0	0	0	0	0	0	0	0	0	0	4.950631	1.472595
327.0793	0	1.541588	424.9638	513.8607	513.8607	513.8607	513.8607	391.1905	15.51952	0	0	0	5.594296	49.01256	192.6869	0	2.838584	86.92325
0	0	0	0	0	0	0	0	0	0	0	0	0	0	0	0	0	3.748554	16.95271
215.4835	201.0006	611.0644	881.5214	757.5538	868.7452	556.0894	136.4945	0	0	0	0	0	0	0	270.31	227.309	3.116811	6.992098
0	0	3.820501	263.6143	48.9024	0	0	0	4.348891	0	0	0	0	0	0	0	0	3.00366	160.8451
318.0819	18.49906	495.3619	513.8607	513.8607	513.8607	513.8607	264.641	24.32286	496.1577	545.2203	529.449	333.3431	0	0	0	0	1.927622	26.58505
35.80882	99.01401	11.40124	13.22503	0	0	0	0	0	0	0	298.82	0.523378	0	0	0	414.1265	8.563098	83.85806
13.84858	557.6371	910.3063	923.2313	975.1927	904.6912	50.77809	0	0	0	0	0	0	0	0	0	0	4.65642	75.04662
577.659	764.0992	764.0992	764.0992	764.0992	764.0992	764.0992	126.8405	0	0	0	0	0	91.69196	764.0992	764.0992	764.0992	2.846183	163.2157
489.2368	0	0	0	215.9127	877.7	13.03559	0	0	0	0	0	329.9027	102.8084	0	0	0	6.876836	33.59121
0	0	0	0	0	0	0	0	0	0	0	0	0	0	0	0	0	4.240548	109.4206
47.20798	264.7489	2.83247	0	0	0	0	0	0	0	0	53.29176	477.8199	513.8607	513.8607	513.8607	395.0088	3.215948	34.05819
494.0453	477.8983	483.2137	483.2137	483.2137	483.2137	483.2137	483.2137	483.2137	483.6943	495.2662	492.4746	484.8058	479.8312	281.7129	189.4188	276.3976	1.382567	122.4805
486.673	690.7457	204.6539	106.2794	186.7319	388.9909	513.8607	513.8607	513.8607	513.8607	513.8607	513.8607	408.1609	757.9864	764.0992	764.0992	764.0992	2.720332	105.7988
392.3901	513.8607	513.8607	513.8607	513.8607	209.1433	0	0	0	0	0	0	118.4354	760.2787	744.2326	386.0598	513.8607	2.099558	169.0677
212.541	0	0	630.5713	1072.489	1174.264	1174.264	1174.264	322.9211	0	0	0	0	0	0	0	0	6.604912	175.8122
0	0	0	0	0	0	0	0	0	0	0	0	0	0	0	0	0	7.449767	97.64319
10.05158	1.530061	21.75939	0	0	0	52.05932	0	0	0	0	0	0	0	0	0	0	4.320732	152.7863
0	0	0	0	0	0	0	0	0	9.856736	124.5532	0	0	0	0	0	0	4.524715	81.51105
0	0	0	0	0	0	0	0	0	102.4795	323.1335	160.6434	0	0	0	0	0	4.419332	75.87323
221.9901	513.8607	513.8607	513.8607	17.47133	0	0	0	12.56347	5.798522	0	0	384.8831	513.8607	513.8607	513.8607	513.8607	1.833266	174.9321
141.245	19.13109	125.6771	868.2098	378.0657	0	0	0	0	0	0	0	0	0	263.4026	125.0856	20.79571	7.286788	138.5943
954.1068	1095.688	923.2313	923.2313	923.2313	923.2313	923.2313	923.2313	923.2313	923.2313	945.0706	983.979	426.5373	93.24711	871.3067	1174.264	1174.264	5.637718	65.47461
709.0577	1173.009	1174.264	877.2032	75.70554	16.6183	0	0	0	0	0	434.8466	923.2313	923.2313	923.2313	923.2313	960.1314	4.978786	159.457
133.7174	3.056401	532.5771	764.0992	764.0992	764.0992	334.6755	0	0	0	0	0	0	0	0	0	0	3.175747	162.1579
599.3538	818.179	747.0093	631.917	604.7454	106.7944	0	0	0	0	0	20.8533	92.89213	145.3413	483.4198	727.6547	298.2241	3.496104	1.30835
0	0	0	0	0	0	0	0	0	0	0	0	0	53.45597	173.5765	181.264	32.53918	3.96401	54.31541
719.8194	0	0	0	0	0	42.7924	982.6586	1174.264	1174.264	1174.264	843.1162	426.2555	111.555	0	0	0	5.467562	131.2353
23.6773	0	0	0	78.52914	67.91575	0	0	0	0	0	0	0	453.7376	483.2137	403.4832	2.416051	2.093573	29.19757
1019.952	967.4111	974.1889	1012.094	1143.636	1152.39	911.223	1089.713	231.3291	15.26542	1.174263	16.43968	0	0	670.0707	605.6444	923.2313	6.289283	18.17186
0	0	0	0	0	0	0	0	0	0	0	0	0	0	0	0	0	4.4108	3.275604
484.6577	241.1228	245.955	448.9054	483.2137	449.3886	451.3215	483.2137	483.2137	483.2137	483.2137	483.2137	489.1026	539.2781	508.1678	483.2137	431.9929	1.295679	179.5785
717.2138	164.758	612.9601	631.917	686.0786	793.4081	785.8058	718.7126	627.2116	230.0175	39.17894	25.27672	83.41333	233.9523	571.006	458.4366	463.1418	3.079625	29.0153
0	0	0	0	0	0	0	0	0	0	0	0	0	0	0	0	0	3.916874	120.7962
770.8682	720.8623	768.5089	868.0977	930.2217	768.5154	768.5558	771.5887	680.9829	487.868	47.09615	0	0	502.3329	0	1.775835	453.3777	0.766584	131.2129
0	0	0	0	0	0	0	0	0	219.456	651.9297	359.9868	0	0	67.33308	0	0	6.201486	2.339935
0	0	187.2043	377.465	285.7731	3.820501	0	0	0	159.4594	423.295	455.1872	443.1068	248.3711	0	0	0	2.156597	137.8013
0	0	0	0	0	0	0	0	0	0	0	0	0	0	0	0	0	5.125547	60.5563
239.9755	513.8607	513.8607	513.8607	513.8607	513.8607	513.8607	89.92596	0	0	0	0	0.4832102	0	0	378.203	513.8607	1.828705	112.8194
6.732826	716.6573	658.3407	458.0353	6.148076	0	0	0	237.7403	382.2217	391.886	224.2103	0	294.6427	0	496.7599	699.4898	0.8916193	40.88464
0	685.397	684.6329	417.9623	0.7641003	0	0	0	130.4665	299.1087	105.8229	0	0	0	0	59.59979	537.9258	2.642752	173.1542
757.9864	134.5979	671.6432	764.0992	764.0992	764.0992	764.0992	764.0992	764.0992	764.0992	764.0992	764.0992	745.7608	223.5832	33.32406	14.55221	23.80933	3.356396	134.3765
811.4503	769.0389	768.5114	761.6353	656.3988	147.083	2.305529	18.44423	0	0	0	0	12.9079	615.416	807.526	913.2283	898.1132	0.6198267	173.9081
592.5239	768.5089	768.5089	768.5089	768.5089	768.5089	768.5089	156.1454	477.7325	667.6307	649.6067	568.7273	19.58946	100.6747	129.1095	239.7748	704.1757	2.608048	40.95508
0	0	0	0	0	143.26	291.2162	9.3941	201.2657	0	0	0	0	65.28197	0	0	0	4.462694	42.95929
