529.6825	16.49065	0	0	0	0	0	0	0	2.638504	212.3987	659.6251	659.6251	659.6251	658.0331	253.0341	424.801	7.251092	9.260254
0	0	0	0	0	0	0	0	0	0	0	0	0	0	0	0	0	5.152864	35.14991
0	0	0	0	0	0	0	0	0	0	113.5351	1585.117	2026.154	1960.653	30.56714	0	0	7.580465	48.01074
183.4028	567.6764	770.7279	1868.953	1176.831	0	0	0	0	0	0	0	0	0	563.3097	2045.804	995.6129	1.041299	142.7841
270.7375	0	0	0	1585.117	1829.652	737.9777	626.6268	1379.882	2093.838	393.0067	0	0	0	0	0	0	5.059424	94.67413
0	0	0	0	0	0	0	0	0	0	0	0	0	0	0	0	0	5.329289	36.43826
441.0411	432.3076	1233.598	2120.038	266.3707	0	0	0	0	2.183368	1716.118	1650.618	777.278	796.9281	1772.885	1128.797	447.5912	4.699367	43.89615
0	0	0	0	0	0	1165.914	1076.397	233.6201	0	0	0	0	0	0	0	0	4.459822	127.0144
10.91684	0	0	0	0	0	0	0	0	4.366735	1502.15	2098.205	1962.837	2106.243	456.3248	0	0	5.36217	145.1372
0	0	0	0	0	0	0	0	0	0	0	0	0	0	0	0	0	3.610394	141.9529
647.7521	1.375922	33.21457	3.29813	67.94145	9.234763	26.00973	535.7191	627.5389	492.4392	410.9486	622.6871	485.4876	236.1451	217.0161	254.6145	5.936634	5.24651	159.5349
0	0	0	0	0	0	0	0	0	0	0	0	0	0	0	0	0	3.540571	160.8082
0	0	0	0	0	0	0	0	0	0	0	0	0	0	0	0	0	2.769877	38.79548
527.2864	1219.226	1285.156	1260.738	430.9938	974.6436	0	0	0	0	26.76824	1811.432	1587.301	735.7943	689.944	1550.184	1868.235	6.358623	163.4648
386.4566	1596.034	1502.15	373.3563	240.1702	427.9408	1641.884	1366.782	0	0	0	0	0	0	0	0	0	7.167311	139.6703
0	0	0	0	0	0	0	0	0	0	0	0	0	0	0	0	0	4.11953	61.96618
0	0	0	0	0	0	0	0	0	0	0	0	0	0	0	0	0	1.9097	99.45932
0	0	0	0	0	0	0	0	0	0	0	0	0	0	0	0	0	7.754972	110.1512
372.9985	756.4698	29.29771	0	0	0	0	0	0	0	12.53289	0	273.4945	495.4193	567.8137	809.2043	894.1176	5.625905	170.7946
0	0	0	0	0	0	0	0	0	0	0	34.93389	652.827	517.4594	8.733471	0	72.05115	5.907213	54.03146
625.9859	104.1546	0	170.8433	277.0429	266.4887	534.3005	659.6259	659.6259	659.6259	659.6259	659.6259	659.6259	659.6259	255.9345	2.638508	105.6976	3.391127	11.42087
137.8614	659.6251	659.6251	659.6251	435.3552	2.638504	0	0	0	71.72779	357.7749	880.8855	547.5341	26.49813	0	0	507.2556	5.232893	139.5768
767.6675	771.5252	482.9684	29.31762	0	0	16.97335	401.9593	771.5252	771.5252	771.5252	771.5252	771.5252	772.4993	775.0499	771.5252	771.5252	2.401444	76.38293
1078.58	1436.649	1344.949	0	0	0	0	0	0	1111.33	1962.837	146.2855	0	0	412.6571	0	2.183367	8.650816	41.22058
158.1154	255.8479	255.8479	255.8479	229.4959	140.9739	37.61015	0	0	0	0	0	0	0	0	0.255851	84.68687	0.2540205	88.67603
0	0	0	28.58244	549.0458	707.4928	88.437	0	0	0	0	0	64.80731	190.5642	6.943643	0	0	1.837368	138.5922
807.8447	0	0	0	0	0	0	0	1187.748	2144.055	1510.68	2183.355	648.1193	1465.033	1192.114	1700.835	0	8.852167	80.13776
327.2672	0	0	0	0	71.39777	1422.492	1781.619	620.0768	358.0727	606.9767	1790.352	1281.953	69.91785	0	0	0	3.616366	64.38885
1182.435	1912.62	82.96797	0	0	0	0	465.0583	2183.355	128.7997	0	123.5785	328.6898	344.5625	166.5709	31.06534	749.8238	3.956876	146.322
0	766.8959	738.3488	427.4193	0	0	0	0	0	0	0	0	0	0	0.7715159	615.673	764.5813	3.327833	69.40454
331.7449	557.5499	579.2999	261.0506	0	202.1567	182.688	0	24.40616	104.8803	443.2708	659.6251	659.6251	659.6251	529.0821	578.0202	581.9429	4.877789	74.44827
335.6621	0	0.6954913	0	0	0	251.4839	554.8616	575.7327	597.4395	601.6609	659.6251	659.6251	659.6251	463.0599	17.15027	29.2978	5.151192	169.1091
0	0	0	0	0	0	0	0	0	0	0	0	0	0	0	0	0	4.029434	134.313
0	0	0	0	0	0	0	0	0	0	0	4.366735	0	0	0	0	0	3.882652	36.68991
0	0	0	0	0	0	0	257.9413	187.9286	0	0	0	0	0	0	0	0	5.731337	76.73584
209.3098	920.6278	1199.02	1264.063	668.0198	751.0092	0	0	0	0	0	0	0	0	0	0	830.3907	6.945861	142.0196
52.96125	0	0	238.2458	217.7137	3.403312	28.39949	254.057	255.8479	255.8479	254.3128	24.56171	0	126.5285	277.7454	101.0685	0	2.194054	89.1066
218.3366	0	0	0	0	936.6625	2022.838	1520.398	1342.54	1279.459	2004.732	897.3622	653.887	0	0	0	0	6.967185	110.2933
0	0	0	0	0	0	0	0	0	0	0	0	0	0	0	0	0	5.91309	160.1579
0	0	0	0	0	0	0	0	0	0	0	0	0	0	0	0	0	6.184952	149.6385
0	281.8929	204.5106	119.7584	180.5589	370.33	0	0	0	0	0	0	0	0	0	93.96432	0	6.349439	6.78761
0	0	0	0	0	0	0	0	0	0	0	0	0	0	0	0	0	7.578157	85.55859
1368.966	0	906.8385	2135.321	2183.355	1895.153	8.733467	0	0	0	0	0	179.0359	2183.355	1157.181	19.6503	0	8.796699	41.68729
11.21366	1365.954	451.5531	0	0	0	344.326	653.0298	385.5967	293.2099	631.9224	364.1151	0	0	0	0	296.7236	5.844653	38.06598
0	0	676.8439	1748.869	1820.919	1425.733	234.0197	0	0	0	0	0	0	0	0	0	0	0.8726196	72.20382
0	0	0	0	0	0	0	391.7958	0	0	0	0	0	72.84657	0	0	0	7.119343	73.17139
561.7142	94.50996	548.7889	1150.975	2091.655	2168.176	2058.886	2183.355	2184.708	1240.491	437.3834	0	0	0	0	0	0	7.986932	43.79584
0	0	0	0	0	0	0	0	0	0	0	0	0	0	0	0	0	4.879474	130.9379
0	0	0	0	0	0	0	0	0	0	0	0	0	0	0	0	0	3.490233	56.28772
184.6243	2078.554	2183.355	1713.746	687.3191	237.9076	0	0	312.003	245.3798	0	0	47.52876	78.52004	309.8555	511.1418	277.2876	4.826138	41.1374
1078.58	0	0	0	144.1022	2082.921	587.3265	0	0	0	0	0	0	307.8549	1814.369	52.40084	0	6.978687	13.9523
0	0	0	0	0	0	0	0	6.349738	533.3517	1203.524	916.3423	384.9264	1799.086	1973.754	1855.853	1041.463	4.187996	140.1088
847.8105	840.0087	1981.659	855.8785	0	0	0	0	0	0	0	237.9869	2177.283	1111.715	680.6234	554.3347	666.962	8.745131	26.73863
202.8881	255.8479	254.8245	118.4593	14.5835	47.58837	128.4375	255.8479	255.8479	255.8479	181.3972	19.70053	1.023404	0.5117019	23.79416	192.3985	255.8479	0.4335619	125.4707
0	1910.436	2082.921	2063.271	1484.683	28.38377	0	0	0	0	0	0	0	0	604.7933	790.378	775.0945	8.354966	4.457203
255.8479	30.70215	25.84097	65.75384	141.9972	42.72718	34.28408	85.19857	97.99116	21.49149	18.42127	53.72881	158.1154	185.2349	196.492	164.7674	124.8556	2.262763	57.04861
0	0	0	0	0	0	0	0	0	0	0	0	0	0	0	0	0	2.396541	58.40372
1594.964	0	0	34.93389	986.8795	2124.019	1188.132	317.7852	0.9735138	0	0	1.947028	233.6428	1129.706	2095.72	1165.914	56.76758	0.9683417	144.8082
676.8438	52.40082	2074.188	1089.497	168.1192	78.60122	161.5691	2034.887	1965.02	32.7505	0	0	0	0	0	0	0	7.956954	121.7044
115.9198	0.7675529	212.3544	255.8479	252.7777	113.854	0	16.20183	511.5144	771.5252	771.6484	771.5252	771.5252	497.6272	0	0	0	2.480308	15.10043
84.43201	0	0	94.32634	623.7558	659.6251	659.6251	659.6251	338.3885	0	0	0	0	0	0	0	0	7.483023	66.50092
0	0	0	0	0	0	0	0	0	0	0	0	0	0	0	0	0	2.305385	148.2017
156.6033	0	0	0	0	0	679.388	812.1158	829.6174	241.5074	321.2891	1253.027	1285.156	1285.156	596.3126	11.3125	0	6.750422	166.8576
1088.275	0	0	43.9191	644.0447	985.7305	2149.961	2182.768	687.8907	325.2901	68.13508	81.32252	717.8889	1162.087	189.0073	581.6753	0	7.688353	28.40418
510.9745	294.1238	6.654411	0	65.54298	688.8438	1285.156	1285.156	1212.925	1847.839	1635.334	792.5614	927.9291	1821.541	1649.071	665.444	665.444	7.183629	152.6337
1331.592	0	0	20.44379	787.5704	1821.377	1882.053	355.8893	39.30063	17.46694	235.8035	1445.383	2064.012	591.3531	111.0519	0	0	0.9899917	32.83817
0	0	0	0	0	0	0	0	0	0	0	0	0	0	0	0	0	3.260771	165.8079
486.8921	1351.499	0	0	0	0	0	0	0	0	76.41788	2106.938	1006.53	213.9699	137.5521	358.0727	1613.501	4.88351	172.882
71.93644	0	0	1.112916	454.8426	580.0351	556.859	558.0999	311.6162	4.451663	0	0	0	0	0	0	0	4.455091	59.51013
159.3857	0	0	0	0	0	0	0	0	0	4.366735	1499.967	2033.455	1108.926	1347.026	2104.787	788.1947	8.714472	10.91867
0	0	0	0	0	0	0	0	0	0	0	0	0	0	0	0	0	3.809202	114.7815
0	0	0	0	0	0	0	0	0	0	0	0	0	0	0	0	0	6.34304	151.1139
170.3026	0	0	0	0	0	0	362.4394	2104.755	1502.15	991.2462	1392.983	2065.454	1744.502	755.4445	0	0	3.894485	25.84955
26.5006	241.0089	255.8479	132.7868	247.9167	141.2297	0	0	0	99.93381	309.3896	309.3896	309.3896	282.1635	22.58559	0	68.31236	0.800871	108.7772
447.5912	0	0	0	0	0	57.44741	1989.212	1407.491	680.152	2183.355	2183.355	2178.989	1002.163	724.2294	0	0	5.249291	81.78983
50.21747	587.3265	0	0	0	0	0	0	0	746.7111	1268.532	818.7616	2.183368	0	0	1770.702	2074.188	3.97899	165.7553
758.1246	0	0	15.28357	2117.855	1058.93	78.60124	1620.051	1301.372	0	0	0	0	0	0	0	0	5.403751	104.5964
0	0	0	0	0	0	0	0	0	0	0	0	0	0	0	0	0	3.330127	141.7009
0	0	0	0	0	0	0	0	0	0	0	0	0	0	0	0	0	2.099026	29.72125
149.674	122.5529	0	0	0	0	47.06247	731.4048	771.5252	771.5252	771.5252	771.5252	387.3005	5.400611	0	0	58.33414	1.589397	37.39041
88.26879	255.8479	234.6128	70.87087	0	0	0	0	0	0	0	0	128.4375	196.2362	196.2362	255.8479	255.8479	2.641341	13.64856
0	0	0	0	0	0	0	0	0	0	0	0	0	0	0	0	0	3.689358	149.7848
0	0	0	0	0	0	0	0	0	0	0	0	0	0	0	0	0	2.326185	19.57114
264.1873	1574.201	1253.248	1919.17	1508.7	0	0	0	0	0	0	0	0	1041.463	1777.252	670.2938	1969.387	7.501584	167.3203
0	0	0	0	0	0	0	0	63.31768	0	0	0	0	34.9602	0	0	0	5.793381	147.0771
1174.633	1811.829	365.8255	57.22789	135.7501	0	24.41798	0	189.247	171.8268	109.2383	836.1692	795.9012	859.7009	1364.773	1866.247	2009.393	6.840757	107.139
0	0	0	0	0	0	0	93.35336	651.9357	766.5144	772.0676	753.846	444.4153	0	389.8409	608.1765	259.2327	2.874346	143.7504
0	1668.085	986.8795	6.550103	0	0	0	0	0	0	0	0	0	0	0	593.8765	1552.367	8.948157	11.28357
443.2245	1200.848	1816.552	1696.468	56.76758	0	0	0	0	0	0	0	796.928	1971.57	194.3196	1318.749	1633.151	7.542729	147.7699
0	0	0	0	0	0	0	0	0	0	0	0	0	0	0	0	0	5.056341	132.7146
96.89279	2047.855	2152.87	1922.315	1072.39	101.2454	0	62.68362	100.038	0	0	0	0	0	198.9833	1828.911	2151.503	1.449676	141.3584
0	0	0	0	334.0555	0	0	0	0	0	0	0	0	0	0	0	0	9.353876	120.228
317.4534	0	0	0	0	0	0	0	0	0	0	280.0505	66.32775	67.41804	602.1522	1085.019	367.0504	7.368505	95.1693
0	0	0	0	0	0	0	0	0	0	0	0	0	0	0	0	0	1.696671	117.9989
62.49277	765.3787	202.137	0	0	0	0	0	0	0	0	0	0	0	300.1194	126.5675	771.5252	2.650679	24.84711
1476.314	0	0	0	14.707	972.2714	2131.172	805.6615	0	0	0	0	0	80.78461	344.7052	1337.518	88.77994	2.602403	15.04045
0	520.4488	446.5698	35.61983	0	0	0	0	0	0	0	493.4422	142.9741	0	0	25.72544	438.6541	5.855042	124.0524
0	0	0	0	0	0	0	0	0	0	0	0	0	0	0	0	0	2.608194	26.88818
0	0	0	0	0	0	0	0	0	0	0	0	0	360.256	1347.132	150.6523	689.944	9.010798	36.10694
112.3816	1585.117	17.46693	0	0	0	0	0	0	0	0	1334.032	2183.355	2102.571	2172.438	2157.155	2161.521	8.380473	174.1973
