897.639	923.2313	923.2313	923.2313	861.3757	115.4049	0	0	0	0	0	125.6461	1174.264	1174.264	1174.264	555.0373	979.4603	5.395042	16.63824
310.0042	1083.842	103.3351	0	0	0	0	0	0	0	0	0	0	453.2634	1174.264	1174.264	1174.264	3.92255	66.27615
309.7102	768.5089	82.23047	0	0	0	0	0	0	0	291.2656	770.8098	943.2123	935.4324	904.5956	978.9999	886.5322	0.8711322	56.90604
0	0	0	0	0	0	0	0	15.63773	91.7421	349.2991	263.9358	37.58603	0	0	0	0	3.780151	117.2217
0	0	0	0	464.3905	865.9918	904.767	880.6741	578.8711	0	0	0	0	0	251.0309	0	0	3.347168	6.383988
573.111	914.7252	896.0606	681.903	271.5088	235.6662	544.8062	733.8743	594.9652	106.6319	0	0	0	0	0	0	65.41293	3.841423	166.1557
78.74188	0	295.4527	0	0	0	0	0	0	57.12348	249.8771	145.8895	0	0	0	0	0	7.186373	99.02637
108.2317	6.113082	38.87222	129.5454	0	0	0.591846	131.9964	167.0231	7.714542	20.47987	0	0	0	0	0	0	7.623774	150.5754
226.1432	0	0	0	0	0	0	18.8452	483.2137	484.632	522.9754	489.3326	483.2137	483.2137	483.2137	400.5839	0	1.774521	92.74027
752.9424	882.6198	1024.076	530.8221	42.11516	3.584268	4.480335	115.5926	929.4644	896.0606	661.2936	6.272469	0	0	0	0	97.67126	4.411232	33.83307
764.0992	144.4148	195.6094	581.4795	764.0992	764.0992	764.0992	764.0992	764.0992	761.8069	764.0992	764.0992	764.0992	650.2484	764.0992	712.1404	272.0193	2.844781	40.68314
0	472.6373	153.2286	0	0	0	95.19232	407.8321	462.4355	449.8719	316.9876	10.63062	203.4834	0	0	255.9135	537.9608	0.5465853	29.21075
0	0	0	0	0	0	0	291.3772	463.4019	479.348	466.3012	352.2624	9.664204	0	0	0	0	1.86419	167.2408
420.3183	635.5845	557.4929	969.7301	929.7671	768.897	1086.756	728.3208	581.4351	549.259	39.37986	0	0	0	0	0	180.2599	2.291528	84.60111
513.8607	497.4173	513.8607	513.8607	513.8607	513.8607	513.8607	513.8607	513.8607	501.5282	319.1096	333.4976	481.4878	167.5198	65.26056	62.17738	174.714	2.920448	8.500549
513.8607	513.8607	513.8607	513.8607	513.8607	513.8607	513.8607	513.8607	513.8607	513.8607	513.8607	328.359	108.9389	456.3089	231.7536	502.5559	513.8607	3.189919	54.3363
0	0	0	0	0	210.1971	459.0529	482.2473	476.9319	399.1342	22.22767	0	0	0	0	135.2987	0	1.888592	128.2522
194.1914	64.28304	292.7818	953.8129	51.70503	0	0	0	0	0	0	0	0	4.986721	484.6759	125.5016	45.59696	6.0616	142.8102
28.9926	0	0	0.9664204	269.6325	483.2137	483.2137	483.2137	455.1872	85.04496	0	0	0	2.305529	52.0429	30.56972	0	0.7056221	65.0431
188.9643	84.30627	0	0	0	0	0	0	0	6.655754	530.2454	554.6489	554.6711	240.6839	567.5747	607.2383	567.492	2.465357	86.12061
560.5784	434.2907	139.771	0.5546462	0	0.5546462	47.69954	450.127	582.7555	642.6901	1095.409	242.9803	310.8955	3.327877	84.86093	440.9466	344.9909	2.24495	94.0253
0	0	0	0	0	0	0	0	0	0	0	0	0	0	0	0	0	6.404984	82.91547
548.2948	688.6513	605.3773	63.24292	690.8911	768.5089	768.5089	768.5089	768.5089	768.5089	743.9171	402.7016	243.6173	97.94749	616.7515	649.653	896.6889	1.190504	162.959
0	0	0	0	412.6886	829.2248	300.5165	12.91689	0	0	0	0	0	0	129.1642	0	0	3.619082	5.934387
259.1699	1147.255	1174.264	1113.511	923.9844	923.2313	716.4305	0	0	0	0	0	0	0	0	0	608.2651	5.620982	86.84589
0	0	0	212.9838	440.9466	446.4932	2.218585	0	0	0	13.063	569.5443	877.0818	206.3448	0	0	0	1.627125	67.50663
0	0	0	0	0	0	0	0	0	0	0	0	0	0	0	0	0	6.643483	113.8356
814.7384	26.89783	467.2576	768.5089	768.5089	768.5089	768.5089	768.5089	768.5089	772.2715	885.1249	923.9965	768.5089	239.0063	3.842548	0	0	0.6368943	145.8679
142.0915	25.46991	0	0	0	0	0	0	0	0	0	514.6196	310.1171	111.9828	109.2072	456.3085	937.815	5.970197	79.06665
485.203	764.0992	764.0992	636.4946	0	0	0	0	0	0	0	619.6844	764.0992	764.0992	764.0992	764.0992	764.0992	2.538523	166.6436
0	0	0	0	0	0	0	0	0	0	0	0	0	0	0	0	0	2.515249	26.09332
0	0	0	0	0	0	0	2.348525	86.89545	0	2.348525	0	0	0	0	0	0	5.075284	147.6715
764.0992	26.74352	1.528201	20.63071	168.866	716.725	764.0992	764.0992	764.0992	764.0992	764.0992	764.0992	764.0992	764.0992	529.5208	764.0992	323.9781	2.780994	51.06363
0	0	0	0	0	0	0	0	0	0	0	243.7344	730.2788	819.8309	694.2733	187.4172	0	3.228974	148.7645
192.3181	0	0	0	30.92544	481.7641	483.2137	483.2137	483.2137	483.2137	483.2137	424.2614	125.1512	0	0	0	230.4921	1.721063	143.9643
0	0	0	0	0	0	0	0	0	0	0	25.62486	48.41801	0	1.227177	0	0	3.729557	22.67496
0	0	0	0	0	0	0	0	0	0	0	0	0	0	0	0	0	2.416534	136.4268
0	0	0	0	0	0	0	0	0	0	0	0	0	0	0	0	0	6.231932	42.19397
7.233705	0	0	0	2.74329	37.04411	566.1512	317.6328	21.42499	0	0	0	0	0	0	0	0	6.087556	129.4684
513.8607	513.8607	513.8607	513.8607	513.8607	513.8607	513.8607	475.8354	439.6907	629.3983	617.1995	464.5753	452.9691	369.471	346.0052	498.8185	513.8607	3.134139	154.0573
0	0	284.5333	521.9535	591.7981	496.4767	194.6806	0	0	0	0	0	0	0	0	0	0	2.157383	120.2576
0	0	0	0	0	0	0	0	3.159592	333.0211	500.4818	513.1204	133.9668	0	0	0	0	1.821823	165.0621
45.90499	356.1281	0	0	0	0	0	0	0	0	0	0	0	0	230.9753	483.2137	483.2137	1.473481	66.07751
174.9223	483.2137	483.2137	483.2137	483.2137	127.5672	0	0	0	0	0	0	0	238.9624	481.2809	484.6476	513.0792	1.817123	36.90604
862.8812	980.2642	814.4875	768.511	768.51	782.1472	974.4251	774.6783	205.9581	111.0993	151.7314	363.2511	79.92494	30.74037	58.40669	405.7757	770.0882	1.094058	62.67798
0	2.769716	0	0	0	0	0	0	0	0	0	0	0	0	27.42924	517.8475	41.0992	5.99362	5.89814
0	0	0	0	0	0	0	0	0	0	0	0	0	0	0	0	0	2.821407	48.98098
388.355	400.2669	154.6287	733.4757	120.0735	0	0	0	0	0	0	0	321.3499	896.0606	1015.996	849.8092	479.7995	5.349595	76.12452
452.04	194.8742	90.96207	117.5852	93.73532	1.109292	0	0	0.5546462	0	0	0	0	132.5607	579.5984	564.6832	950.8903	2.120461	126.0985
452.4809	1005.163	1069.75	1035.6	927.7498	923.2313	923.2313	949.8397	1089.914	1174.264	1174.264	1174.264	584.78	76.32709	0	0	322.9211	4.225616	115.4019
603.5681	179.6619	9.3941	0	0	0	0	0	0	0	0	162.0481	415.6872	1110.851	1174.264	1174.264	1051.309	4.747248	79.914
357.6488	9.763391	0	0	0	0	0	101.7448	513.8607	513.8607	513.8607	513.8607	513.8607	513.8607	513.8607	513.8607	272.8627	2.676373	127.2136
32.63855	47.15594	245.0387	136.7389	0	0	0	0	0	0	0	0	0	0	1.074414	3.109398	0	7.069004	144.1969
513.8607	27.23472	22.60996	69.88532	381.2861	513.8607	513.8607	513.8607	513.8607	513.8607	513.8607	443.4626	61.14965	2.691664	311.516	260.6526	132.0628	2.993327	82.46243
0	113.2438	31.76408	0	0	0	0	0	0	0	0	0	0	0	0	0	0	6.744588	146.748
621.7266	0	117.6708	746.9792	768.5089	768.5089	768.5089	768.5089	766.2034	154.3697	477.1005	605.3773	455.615	0	0.7685096	0	0	1.039886	92.10806
513.8607	373.6201	595.5545	635.9178	550.383	386.7602	513.8607	513.8607	513.8607	513.8607	513.8607	513.8607	513.8607	513.8607	513.8607	513.8607	509.7498	3.049499	6.569946
0	0	0	0	161.2712	533.8569	416.24	18.72129	0	0	0	0	0	0	0	0	0	5.389512	104.0734
50.48663	482.0092	75.41778	0	0	0	0	0	0	0	0	0	50.31067	137.2015	512.833	513.8607	513.8607	3.935272	7.528412
0	152.6944	0	0	0	109.3505	471.7848	445.7543	175.22	0	0	0	0	0	0	4.832101	392.8524	0.9259176	107.2987
0	458.2536	103.719	0	0	0	0	0	0	0	190.1301	406.465	435.2409	87.08749	341.1083	506.9508	161.8638	2.516899	135.6971
0	0	0	0	0	0	0	0	0	0	0	0	0	0	0	0	0	2.226349	71.08459
40.19825	0	0	0	0	0	119.0007	0	0	266.6467	221.5903	6.917355	0	0	0	0	0	7.635808	163.3511
0	0	0	0	0	0	0	0	0	0	0	0	0	0	0	106.6319	127.2414	4.050765	89.56641
264.8004	0	0	0	13.04668	50.25389	281.2297	483.2137	483.2137	483.2137	483.2137	483.2137	290.4108	0	0	0	0	1.573295	100.039
318.1038	1136.534	897.3361	754.4836	0	0	0	0	0	0	0	0	361.5981	162.1882	902.2933	980.0496	897.7775	3.694227	90.14742
2.695935	0	0	0	0	0	0	0	0	0	0	175.1101	99.19261	0	0	83.56575	0	4.449943	129.2273
0	0	0	0	0	0	0	0	0	0	564.8177	1062.702	187.8817	0	0	0	119.7748	3.413038	14.23831
954.1212	843.8346	273.2781	0	0	0	12.91689	147.957	199.6242	614.1364	1174.264	1174.264	1174.264	1087.152	945.3212	927.2477	926.9966	3.657888	100.1891
47.12316	0	0	0	0	0	0	0	0	56.65969	233.2859	2.205151	0	0	0	0	0	6.517618	117.3615
29.03582	0	0	0	0	0	281.1885	746.5249	764.0992	764.0992	763.3351	616.6281	16.8102	266.6707	0	0	0	2.347849	15.38098
18.95179	0	0	0	0	7.038022	0	0	0	41.43254	6.140128	0	0	0	0	0	0	3.841819	68.4136
0	0	0	0	0	0	0	0	0	0	0	0	0	0	0	0	0	2.666674	53.83115
944.2582	961.6375	1045.672	112.1717	0	407.4674	1174.264	1174.264	1174.264	960.1316	923.2313	923.2313	923.2313	923.2313	923.2313	923.2313	923.2313	4.590168	48.79486
317.8245	513.8607	439.8656	0	0	0	66.00285	500.2949	544.6656	582.7141	577.7335	394.9101	0	15.92974	357.6488	513.8607	513.8607	3.147573	58.49542
0	0	0	0	0	0	0	0	0	0	0	0	0	0	0	0	0	2.435969	53.48013
0	0	0	0	0	149.8228	251.3123	602.9962	575.8801	229.9763	20.85755	0	0	0	0	0	0	3.726107	174.9614
1107.76	1030.669	940.301	923.2313	923.2313	923.2313	923.2313	923.4823	923.2313	516.0923	0	270.0796	1020.429	931.1854	1173.09	1047.438	650.3636	4.299211	53.03653
24.56094	0	0	0	0	0	0	0	0	0	0	0	0	6.312695	60.49256	347.4185	0	6.633124	74.58148
0	0	0	0	0	0	0	18.43674	46.86643	12.99044	2.148009	0	0	0	4.877617	0	0	3.984038	90.93246
0	0	0	0	60.18803	1.930598	0	0	0	40.37111	319.2769	208.3835	577.8446	301.3847	0.559305	0	0	6.307929	83.702
0	0	0	0	0	0	0	0	0	0	0	0	0	0	0	0	0	2.696205	17.1987
0	0	0	0	0	0	0	0	0	0	0	0	0	0	0	0	0	3.939187	104.3203
3.692954	0	0	0	0	2.348525	317.0498	403.9447	495.1725	557.6371	0	0	0	0	0	131.9254	0	3.098996	7.390934
0	0	0	0	34.77527	180.8819	136.0169	159.4239	239.7733	0	0	0	0	0	0	0	0	6.868597	94.90332
106.1725	958.1235	923.2313	907.5366	243.7344	0	0	0	0	0	0	0	0	0	1.846477	410.9099	1075.855	5.70313	49.37073
0	0	0	0	0	0	0	0	0	0	0	0	0	0	0	0	0	2.511339	149.1628
826.3068	263.034	0	267.731	1081.582	1172.758	1075.102	923.2313	923.2313	923.2313	923.2313	923.2313	923.2313	1002.806	1174.264	1174.264	1153.126	4.681016	162.5176
346.3418	387.1002	894.2685	1132.723	298.4579	0	0	0	0	17.52441	2.704348	0	29.00623	52.26962	0	0	16.1292	5.618213	72.70789
736.3079	923.2313	937.5396	1171.001	1174.264	1169.235	97.38297	20.31125	0	0	0	0	0	90.47739	918.6152	923.2313	923.2313	3.777473	93.2701
270.4911	0	0	0	0	0	0	0	0	0	0	323.9781	764.0992	764.0992	764.0992	172.6865	19.10251	2.739917	63.43597
319.0047	562.3033	388.2542	0	0	0	0	0	0	0	311.7115	591.5972	554.6489	818.7751	318.8527	889.9344	558.5092	2.149182	124.3894
0	0	0	0	0	0	0	0	0	0	0	0	0	0	0	0	0	6.089524	103.382
0	0	0	0	0	0	0	0	0	4.69705	695.16	944.1022	872.4726	125.6461	0	88.06972	0	3.728624	5.56736
76.16571	0	0	0	0	0	0	0	0	558.2471	895.1646	939.6992	1054.917	321.8151	86.26774	64.1814	0	5.328485	173.9583
151.4721	478.7176	0	0	0	0	0	0	0	236.4644	18.08916	0	0	0	0	0	16.41078	6.77869	66.61459
115.0038	0	0	43.00572	474.5158	483.2137	483.2137	483.2137	267.2165	3.865681	0	0	0	0	0	0	0	1.236702	137.8821
267.731	794.9717	103.3351	0	0	0	0	0	0	0	0	0	41.0992	601.2196	1174.264	1174.264	1174.264	4.486624	69.62817
483.2137	483.2137	423.295	255.6193	322.303	390.4364	94.70911	42.0393	47.83784	211.6467	482.7305	495.9749	564.189	491.8268	483.2137	483.2137	483.2137	1.461461	17.16254
22.82182	0	0	12.20034	15.04594	0	0	0	0	12.18915	358.6345	85.65658	29.26785	0	0	0	0	6.874036	173.9131
